,companyName,companyNature,conpanySize,salary,city,experience,education,demand,treatment
0,成都零牛科技有限公司,8,2,0.9,1,1,1,0,0
1,申朴信息技术（上海）股份有限公司,4,4,1.3,1,4,1,3,6
2,四川景你科技有限公司,1,3,0.525,1,1,1,3,5
3,武汉牧望群网络科技有限公司,5,2,2.5,2,4,1,2,9
4,成都市千朔家具有限公司,1,3,1.0,1,1,1,20,0
5,成都风起科技有限公司,1,1,0.7,1,3,2,0,10
6,成都力比科技有限公司,1,3,1.85,1,4,1,0,8
7,成都超网实业有限公司,1,2,1.15,1,3,2,3,9
8,成都九威全然科技有限公司,1,2,0.375,0,0,0,0,10
9,成都荆或科技有限公司,1,2,0.375,0,0,0,0,10
10,成都上鑫网络科技有限公司,1,3,0.525,1,1,1,3,10
11,成都金石软件有限公司,1,1,0.55,1,3,1,2,10
12,成都松强科技技术有限公司,1,3,0.7,1,7,4,0,0
13,成都铭杰邦威科技有限公司,1,2,0.7,1,1,1,0,7
14,成都莎瑞科技有限公司,1,3,0.7,1,1,1,1,7
15,四川坤贝网络科技有限公司,1,2,0.375,0,0,0,0,10
16,深圳市网新新思软件有限公司,1,5,1.25,1,4,1,0,3
17,成都珂芙故荟科技有限公司,1,2,0.525,0,0,0,0,10
18,成都造易软件有限责任公司,1,1,1.75,1,5,2,3,10
19,大连东软思维科技发展有限公司,1,5,1.3,1,4,1,1,5
20,成都易设界科技有限公司,1,1,0.375,1,7,1,1,0
21,成都冠唐科技有限公司,1,1,0.525,1,1,2,2,10
22,深圳千域时代科技有限公司,1,1,1.75,2,5,1,10,0
23,深圳天源迪科信息技术股份有限公司成都办事处,1,4,1.15,2,1,2,2,10
24,联通（四川）产业互联网有限公司,2,3,1.4583,1,3,2,1,0
25,华通科技有限公司,1,4,0.8,1,3,1,6,3
26,成都恒创励程电子科技有限公司,1,2,1.75,1,3,2,2,7
27,哈尔滨安天科技集团股份有限公司,1,4,1.85,1,5,2,2,5
28,四川省元通润达信息技术有限公司,1,1,1.05,1,4,2,1,10
29,图丰信息（成都）有限责任公司,3,3,1.25,1,5,2,1,5
30,北京环球医疗救援有限责任公司,5,2,1.25,1,5,2,1,6
31,成都远望探测技术有限公司,1,2,1.15,1,4,2,3,10
32,成都必达智能控制系统有限公司,1,1,0.525,1,2,2,2,2
33,四川东走西走科技有限公司,1,2,1.1,1,4,1,1,0
34,上海壹账通金融科技有限公司,4,5,1.75,1,4,2,1,4
35,成都派沃特科技股份有限公司,1,2,0.8,1,4,1,1,7
36,成都分期学科技有限公司,1,2,0.525,1,2,1,3,0
37,成都龙欣软件有限公司,1,1,0.85,1,4,1,2,5
38,成都浪起科技有限公司,6,2,0.85,1,3,2,2,6
39,重庆两江卫星移动通信有限公司,2,0,1.75,1,7,3,0,0
40,北京超图软件股份有限公司,1,0,0.0,0,0,0,0,0
41,北京世纪安图数码科技发展有限责任公司,1,0,0.0,0,0,0,0,0
42,文博安全科技有限公司,1,2,1.5,1,4,1,2,7
43,成都智慧农夫科技有限公司,1,2,1.05,1,4,2,1,10
44,成都仁合智胜科技发展有限公司,1,2,0.5,1,3,1,1,7
45,成都睿云物联科技有限公司,6,2,1.55,1,4,1,4,8
46,宏盛建业投资集团有限公司,1,4,1.1,1,3,1,2,10
47,上海迈辰信息科技有限公司成都分公司,1,1,1.15,1,4,2,0,8
48,成都恒图科技有限责任公司（fotor）,1,2,1.25,1,4,1,1,7
49,成都鹏业软件股份有限公司,1,3,0.8,0,0,0,0,6
50,成都销冠教育咨询有限公司,7,2,0.65,1,2,1,1,8
51,成都上益家企业营销策划有限公司,1,1,0.9,1,4,2,1,6
52,成都蜀诚通信技术有限公司,1,3,1.25,1,3,2,5,7
53,好医生药业集团有限公司,1,6,1.45,1,5,1,1,3
54,北京永洪商智科技有限公司,1,0,0.0,0,0,0,0,0
55,上海联影医疗科技有限公司,1,0,0.0,1,7,2,0,0
56,同程旅行,1,0,0.0,0,0,0,0,0
57,河北神玥软件科技股份有限公司,4,4,0.65,1,1,2,5,4
58,广州汇智通信技术有限公司,2,5,1.0417,1,2,2,4,10
59,杭州潮流信息技术有限公司成都分公司,1,2,1.15,1,4,2,0,6
60,国久大数据股份有限公司,2,2,0.375,2,7,2,2,0
61,四川联通（省本部）,2,0,0.0,0,0,0,0,0
62,成都运达科技股份有限公司,4,0,0.0,0,0,0,0,0
63,普源精电科技股份有限公司,1,0,0.0,0,0,0,0,0
64,四川鱼鳞图信息技术股份有限公司,1,5,1.05,1,2,1,1,8
65,墨奇科技（北京）有限公司,1,0,0.0,1,4,2,1,0
66,成都市康易达商贸有限公司,1,2,0.5,1,2,1,1,7
67,成都票安业科技有限公司,1,2,0.7,1,1,4,0,5
68,四川博源科技有限责任公司,1,3,0.8,1,2,2,0,6
69,四川九洲北斗导航与位置服务有限公司,2,3,0.9,1,3,2,2,8
70,成都海德在线教育科技有限公司,1,2,2.0,1,6,2,0,9
71,昆明市土地开发整理中心,8,2,1.0,1,2,2,3,0
72,成都极米科技股份有限公司,1,5,1.4,1,3,2,2,8
73,上海帕利电子有限公司,1,2,1.75,1,4,2,2,4
74,北京北方新宇信息技术有限公司,4,5,0.9,1,4,1,0,3
75,成都格理特电子技术有限公司,1,2,1.25,1,5,2,1,3
76,成都泰斯诺科技有限公司,1,2,0.7,1,1,1,0,0
77,贵州国台酒业销售有限公司,1,3,1.25,2,5,2,1,8
78,四川广月科技有限公司,1,2,0.95,1,4,2,1,9
79,成都任我行软件股份有限公司,1,4,1.0,1,3,1,2,7
80,成都红蚁科技有限公司,1,2,0.625,1,1,4,2,8
81,成都电科慧安科技有限公司,6,2,1.15,1,4,2,1,4
82,北京蓝天共享健康管理有限责任公司,1,2,1.05,1,4,1,1,8
83,成都天地网信息科技有限公司,1,3,1.25,1,4,2,1,9
84,成都美迅检测设备有限公司,1,1,0.75,1,3,2,1,4
85,上海复深蓝软件股份有限公司,4,5,1.4,1,4,2,1,4
86,成都雨墨科技有限公司,1,2,1.05,2,7,1,1,0
87,四川中科德勤科技有限公司,1,2,0.65,1,2,2,1,4
88,四川弘和集团,1,3,1.15,1,2,1,2,4
89,慧众行知科技（北京）有限公司,1,3,1.65,1,5,2,1,6
90,四川福摩数字科技有限公司,1,3,1.25,1,4,1,2,0
91,四川巴科智造科技有限公司,1,1,0.9,1,4,2,2,9
92,四川智能视讯信息技术有限公司,1,2,0.75,0,0,0,0,7
93,成都四方信息技术有限公司,1,2,1.0,1,3,1,1,6
94,成都千泰春科技有限公司,1,3,0.525,1,7,4,0,5
95,成都易达数安科技有限公司,1,3,0.8,1,4,2,5,6
96,四川天翼网络服务有限公司,1,3,1.25,1,4,2,1,5
97,成都民航空管科技发展有限公司,2,3,1.4583,1,1,2,3,7
98,广州云链科技有限公司,1,3,1.25,1,5,1,2,3
99,成都欣垒睿享科技有限公司,1,3,0.7,1,1,1,2,0
100,四川恒基一站通电子商务有限公司,1,1,0.9,1,3,2,2,7
101,北京安必奇生物科技有限公司,1,3,1.15,1,2,2,2,5
102,成都智元汇信息技术股份有限公司,1,3,1.75,1,5,1,1,6
103,中瑞集团,1,6,0.9,1,3,2,2,10
104,四川度咪云科技有限公司,6,1,0.8,1,4,1,3,6
105,成都能峰电气有限公司,1,2,1.15,1,4,2,1,7
106,四川劳吉克信息技术有限公司,1,2,1.75,1,4,2,0,8
107,成都房联云码科技有限公司,1,3,1.0,1,4,2,1,9
108,疆域康健创新医疗科技成都有限公司,8,3,1.15,1,4,2,1,7
109,宁波翌达科技有限公司,1,1,0.7,1,7,1,1,6
110,四川观想科技股份有限公司,1,3,1.15,1,4,2,1,5
111,成都中科大旗软件股份有限公司,1,3,1.25,1,4,2,4,5
112,成都洛子科技有限公司,1,2,1.25,1,3,2,1,10
113,成都国卫信安信息技术有限公司,1,2,0.7,1,3,2,1,6
114,北京联龙博通电子商务技术有限公司,5,6,2.0,1,6,1,0,0
115,成都微心动科技有限公司,6,1,0.55,1,2,1,1,2
116,成都德仁启慧人力资源管理有限公司,1,2,1.75,1,2,2,1,5
117,广州索氧音乐文化传播有限公司,1,1,0.525,1,2,1,1,6
118,北京思特奇信息技术股份有限公司四川分公司,4,5,1.6,1,5,2,4,10
119,成都原子数据科技有限公司,1,1,1.5,1,5,2,1,6
120,莫利辰光成都科技有限公司,1,3,0.7,1,1,1,3,7
121,湖北华网通信集团有限公司,1,3,0.65,1,4,2,1,5
122,北京环亚信通信息科技有限公司,1,3,1.25,1,3,2,2,7
123,四川众鹏科技有限公司,1,2,1.2,1,4,1,2,4
124,上海雍米计算机科技有限公司,1,3,2.65,1,3,1,3,0
125,中科芯未来微电子科技成都有限公司,5,2,1.0,1,4,2,1,5
126,杭州友声科技股份有限公司,1,3,0.85,1,4,2,2,10
127,上海长江唯诚科技股份有限公司,1,2,1.0,1,3,2,0,5
128,成都鹦鹉螺大数据科技有限公司,1,4,0.6,1,1,2,5,0
129,广州华途信息科技有限公司,1,2,1.1,1,4,2,5,5
130,成都居有屋科技有限公司,1,2,1.0,1,3,2,2,7
131,杭州今元标矩科技有限公司,1,3,1.45,1,3,2,10,4
132,杭州东信北邮信息技术有限公司,2,4,1.4,1,4,2,3,7
133,加拿大计算机有限公司成都代表处,3,4,1.15,1,4,2,2,3
134,湖北楚天龙实业有限公司,1,2,0.7,1,3,1,1,9
135,成都乾景晟弘企业管理合伙企业（有限合伙）,1,4,0.9,1,1,1,5,8
136,成都购商云汇信息技术有限公司,1,2,1.35,1,5,2,1,5
137,成都搜江湖科技信息有限公司,1,2,1.25,1,4,1,1,7
138,成都亚光电子股份有限公司,4,4,0.9,1,4,2,1,9
139,华信永益（北京）信息技术有限公司,1,4,1.25,1,3,2,0,6
140,神话科技传媒（深圳）有限公司上海分公司,1,3,2.25,1,4,2,1,3
141,维塔士电脑软件（成都）有限公司,3,4,0.9,1,3,2,1,8
142,成都艾乐橙文化传播有限公司,1,4,1.8,1,5,1,2,6
143,四川东久科技股份有限公司,1,2,1.0,1,4,2,3,5
144,成都丰盛极益科技有限公司,1,2,0.525,1,2,2,2,8
145,四川初心不二科技有限公司,1,3,0.85,1,3,1,5,8
146,成都维立方科技有限公司,1,1,0.525,0,0,0,0,9
147,成都微鑫通时代科技有限公司,1,2,1.15,1,5,1,1,8
148,北京国商逸品文化传媒有限公司,1,2,0.9,2,7,1,5,0
149,成都迈思信息技术有限公司,1,3,1.5,1,5,1,2,3
150,四川西盾科技有限公司,1,2,1.15,1,5,2,2,5
151,成都恒视通科技有限公司,1,2,0.85,1,3,1,2,10
152,安睿智达（成都）科技有限公司,1,2,1.15,1,5,2,1,10
153,成都拓米双都光电有限公司,5,5,0.85,1,6,2,3,6
154,用友网络科技股份有限公司四川分公司,4,6,1.25,1,4,2,5,10
155,上海柯林布瑞信息技术有限公司,1,3,1.15,1,4,2,1,8
156,云南南天电子信息产业股份有限公司成都分公司,4,5,1.15,1,4,2,1,0
157,广州汇思信息科技有限公司,1,3,0.65,1,3,2,2,0
158,成都捷云智慧科技有限公司,1,1,1.15,1,4,2,1,5
159,上海鸿翼智城数据科技有限公司,1,3,0.8,1,4,2,0,0
160,成都激水信息技术有限公司,1,3,1.75,1,3,2,3,2
161,成都维音信息技术有限公司,3,5,1.25,1,4,2,1,5
162,四川英海瑞特科技有限公司,1,2,0.7,1,3,2,2,4
163,安徽卓威通信科技有限公司,1,3,0.9,1,4,2,10,8
164,成都鑫博泰房地产开发有限公司,1,3,1.15,1,4,1,1,6
165,捷德（中国）科技有限公司,3,5,1.25,2,4,2,1,10
166,成都纵横格子科技有限公司,1,1,0.85,1,4,1,1,5
167,北京都在哪网讯科技有限公司成都分公司,1,1,1.0,1,3,2,1,6
168,诚信投资控股集团,1,4,0.7,1,3,1,1,5
169,四川久远银海软件股份有限公司,4,5,0.8,1,7,2,0,0
170,中软国际科技服务有限公司,5,6,1.25,1,4,1,0,6
171,深圳市裕同包装科技股份有限公司,1,6,0.9,1,4,1,1,8
172,深圳市讯方技术股份有限公司,1,5,1.25,1,3,2,2,8
173,上海聚龄信息技术有限公司,5,2,1.3,1,3,2,10,3
174,西安中星宇航技术研究院有限公司,1,1,0.75,1,3,2,3,7
175,成都亿盟恒信科技有限公司,1,2,1.25,1,4,1,0,10
176,四川音创伟业科技有限公司,1,2,0.9,1,3,1,1,5
177,成都蜀云物连科技有限公司,6,1,0.95,1,4,1,1,5
178,深圳市捷兴电子商务有限公司,1,3,2.65,1,3,1,2,0
179,深圳极联信息技术股份有限公司,1,4,1.75,1,5,1,1,8
180,成都初五科技有限公司,1,3,0.95,1,2,1,0,8
181,成都森川科技股份有限公司,1,2,0.7,1,4,2,1,6
182,成都臻识科技发展有限公司,1,3,0.85,1,4,2,1,8
183,四川曙光集团,1,3,0.75,1,4,1,5,7
184,北京埃顿酒店服务有限公司成都分公司,3,0,1.25,1,5,2,0,7
185,四川星澈互娱文化传媒有限公司,1,5,0.7,1,2,1,2,0
186,南京普惠恒丰信息科技有限公司,1,2,0.8,1,2,2,1,7
187,北京天合众达信息技术有限公司,5,1,0.9,1,4,2,0,6
188,成都迅网电信工程技术咨询有限公司,1,3,1.25,1,3,2,5,10
189,广州帝隆科技股份有限公司,4,3,1.0,1,4,1,1,8
190,北京卓信智恒数据科技股份有限公司,4,3,0.8,1,4,1,2,7
191,成都好伙伴网络科技有限公司,5,2,1.75,0,0,0,0,3
192,成都嘿芝麻科技有限公司,1,2,0.7,1,4,1,4,7
193,四川锦欣生殖医疗投资管理有限公司,1,2,1.25,1,4,2,2,0
194,北京直真科技股份有限公司,4,4,1.25,1,3,2,1,5
195,成都卓远信息技术有限公司,1,2,0.95,1,3,2,3,4
196,广州优路加信息科技有限公司,1,3,0.8,1,3,2,3,8
197,北京先进数通信息技术股份公司,4,5,0.8,1,3,2,2,9
198,成都首尚简乐科技有限公司,1,2,0.7,1,7,1,0,5
199,康德曼（北京）互联网技术有限公司,1,2,1.25,1,3,2,5,8
200,成都德锋创享科技有限公司,1,2,0.525,1,7,1,10,0
201,北京深蓝海域信息科技有限公司,1,2,0.625,1,3,2,2,5
202,成都佳发安泰教育科技股份有限公司,4,4,0.9,0,0,0,0,6
203,南京臻信网络科技有限公司,1,2,1.25,1,3,2,3,3
204,音泰思计算机技术（成都）有限公司,5,3,1.15,1,4,1,1,7
205,电信科学技术第五研究所有限公司,2,3,1.25,1,4,2,3,7
206,四川格瑞特科技有限公司,1,2,1.1,1,4,1,0,10
207,四川南博科技有限公司,1,2,0.9,1,4,1,1,8
208,好未来教育（原学而思教育),4,6,0.9,1,4,2,1,9
209,四川安杰信科技股份有限公司,1,2,1.0,1,4,2,2,6
210,四川游谷科技有限公司,6,1,1.5,1,4,1,2,10
211,四川医信教育咨询有限责任公司,1,3,0.85,1,3,2,3,7
212,大连华钦软件技术有限公司,1,0,0.95,1,4,1,3,3
213,四川华夏万卷文化传媒股份有限公司,1,3,1.35,1,4,2,2,8
214,成都鸿业远图科技有限公司,1,1,1.15,1,4,2,0,8
215,深圳市优讯通信息技术有限公司,1,2,1.25,1,5,2,2,0
216,深圳市拓保软件有限公司,1,4,1.25,1,4,1,1,7
217,成都东英测量仪器有限公司,1,2,0.7,1,4,1,1,0
218,四川奥诚科技有限责任公司,1,2,1.25,1,4,2,2,10
219,成都钕娲创造科技有限公司,5,2,1.25,1,4,2,2,7
220,四川嘉事蓉锦医药有限公司,1,3,0.75,1,4,2,1,7
221,中讯志远（武汉）科技有限公司,1,2,0.9,1,4,1,6,2
222,新希望集团四川总部,1,3,1.65,1,5,2,2,6
223,苏州优纳科技有限公司,1,3,0.7,1,3,2,1,4
224,成都优奈特科技发展有限公司,1,2,1.5,1,5,2,2,5
225,成都浩石科技有限公司,1,1,1.75,1,6,2,1,2
226,深圳市朗驰欣创科技股份有限公司成都分公司,1,3,1.85,1,4,2,1,10
227,千锋教育,1,4,1.75,1,4,1,1,5
228,成都京成北智能科技有限责任公司,1,0,0.375,1,1,1,8,6
229,丹秋教育集团（名师堂学校）,1,5,0.9,1,3,2,1,7
230,四川高金实业集团有限公司,1,6,1.75,1,4,2,2,1
231,丹华水利环境技术（上海）有限公司,3,2,1.05,0,0,0,0,4
232,郑州一迅软件科技有限公司,1,2,1.15,1,3,1,3,2
233,四川杰诺创科技有限公司,1,2,1.05,1,4,2,1,4
234,成都道生万物大数据科技有限责任公司,1,0,0.7,0,0,0,0,0
235,合众创亚（成都）包装有限公司,8,3,1.125,1,4,2,1,6
236,四川杰通交通科技有限公司,1,2,1.1,1,3,2,1,6
237,中数通信息有限公司,2,5,0.9,1,4,2,2,5
238,北京华信杰通科技有限公司,1,5,0.9,1,3,2,4,10
239,成都创视科技有限公司,1,1,0.55,1,3,1,2,7
240,成都路维光电有限公司,1,3,0.65,1,3,1,1,0
241,成都民杰光华教育科技有限公司,1,2,1.0,1,3,2,0,4
242,新东网科技有限公司,1,4,0.95,1,4,1,0,8
243,深圳莱福德科技股份有限公司,1,4,1.4,1,4,2,1,0
244,成都天晟云信息技术有限公司,1,2,1.75,1,6,1,1,2
245,神州数码索贝科技有限公司,1,2,0.8,1,2,1,4,9
246,京东物流西南分公司,1,6,1.0,1,4,2,1,8
247,中移物联网有限公司,2,5,2.0,1,5,2,3,4
248,神州数码信息服务股份有限公司,4,6,1.45,1,4,2,5,0
249,平安科技（深圳）有限公司,1,5,1.25,1,4,2,1,6
250,平安科技（深圳）有限公司,1,5,1.25,1,4,2,1,6
251,新华三技术有限公司,5,6,1.3,1,3,2,0,9
252,亚信科技CMC,5,6,1.25,1,1,2,1,7
253,华录新媒科技发展有限公司,1,2,0.85,1,3,2,1,10
254,四川省金科成地理信息技术有限公司,1,2,0.75,1,2,1,2,4
255,京北方信息技术股份有限公司成都分公司,1,4,1.25,1,4,2,3,6
256,深圳市风云实业有限公司,1,3,1.0,1,2,2,1,8
257,上海梦创双杨数据科技股份有限公司,1,5,2.0,1,4,2,15,4
258,四川效率源信息安全技术股份有限公司,1,3,1.1,1,4,1,0,6
259,成都天府通金融服务股份有限公司,2,3,1.5417,1,4,2,2,0
260,上海佩琪信息技术有限公司,5,3,0.95,1,3,2,7,8
261,成都科锐特汽车科技有限公司,1,2,0.9,1,2,2,2,5
262,四川一叶翩舟科技有限公司,1,2,1.0,1,5,1,1,9
263,成都瀚德科技有限公司,1,2,0.95,1,4,2,2,5
264,杭州永谐科技有限公司,1,3,1.4,1,3,2,2,0
265,成都大数汇聚科技有限公司,1,2,1.0,1,4,1,0,8
266,四川博奥环保科技有限公司,1,2,1.25,1,4,2,2,4
267,成都联成科大信息技术有限责任公司,1,2,0.95,0,0,0,0,6
268,四川农夫指道网络科技有限公司,1,1,1.15,1,4,1,1,0
269,城云科技（中国）有限公司,3,3,1.25,1,4,2,0,6
270,成都思而科软件有限公司,5,3,1.05,1,4,2,3,6
271,北京宇信科技集团股份有限公司,5,6,1.25,1,4,2,5,5
272,北京映翰通网络技术股份有限公司,1,3,1.45,1,4,2,1,10
273,成都智菲科技有限公司,1,2,0.9,1,4,1,0,5
274,四川惠宜康科技有限公司,5,2,1.5,1,5,2,1,7
275,成都数联易康科技有限公司,1,2,0.85,1,4,1,0,7
276,百富邦技术服务有限公司,1,5,0.9,1,3,2,1,9
277,IMG泡米文化科技,1,2,1.5,1,4,1,0,5
278,成都新柒玩科技有限公司,1,3,0.7,1,2,1,1,5
279,江苏东华测试技术股份有限公司,4,3,1.1,1,3,2,1,9
280,成都艾斯工程机械有限公司,1,2,0.0,1,7,1,3,0
281,筑智建科技（重庆）有限公司,1,3,1.15,1,4,2,1,7
282,四川小土环境集团有限公司,1,2,0.8,1,4,2,1,8
283,成都小橘袋健康科技有限公司,6,1,0.9,1,4,2,1,0
284,云南柠能企业管理咨询有限公司,1,1,2.0,2,5,1,1,9
285,天津光电通信技术有限公司,2,5,1.35,1,5,1,0,7
286,南京创致优信息科技有限公司,1,2,0.65,2,2,2,5,0
287,上海肯耐珂萨人力资源科技股份有限公司,1,4,2.0,1,3,2,3,6
288,成都塔斯克信息技术有限公司,1,2,1.75,1,5,2,2,0
289,成都通甲优博科技有限责任公司,1,2,1.25,1,4,1,1,6
290,四川熵熵科技有限公司,1,2,0.8,1,4,2,2,0
291,成都经典汇文化科技有限公司,5,3,1.0,1,3,2,2,3
292,民航成都电子技术有限责任公司,2,4,1.4583,1,1,2,1,10
293,四川华气清源科技有限公司,1,2,0.75,1,3,1,1,1
294,掌起未来智能科技有限公司,1,2,1.25,1,5,1,1,0
295,VSPN,1,4,1.4,1,4,1,1,0
296,四川省善美文化传媒有限公司,1,3,0.7,1,2,2,2,9
297,四川成享软件股份有限公司,1,2,0.375,1,7,2,0,0
298,成都四海万联科技有限公司,6,2,1.25,1,4,2,0,3
299,成都中思远信息技术有限公司,1,1,0.7,1,4,1,1,7
300,深圳达实智能股份有限公司,4,5,1.2,1,4,2,6,5
301,四川三维系统工程有限责任公司,1,1,0.85,1,2,1,5,1
302,成都捌零科技有限公司,6,1,1.5,1,5,1,1,4
303,小土集团,1,4,0.8,1,3,1,1,4
304,新电信息科技（成都）有限公司,8,4,1.0,1,4,2,1,5
305,电子科大科园股份有限公司,1,3,0.55,1,4,2,0,5
306,四川省酒业集团有限责任公司,2,4,1.15,1,4,2,1,5
307,诺睿信息,1,2,1.2,1,4,2,3,0
308,成都秦川物联网科技股份有限公司,4,4,1.15,1,5,2,1,4
309,京北方信息技术股份有限公司,1,6,1.25,1,4,2,8,6
310,成都鲲摇物联网有限责任公司,1,2,0.525,1,1,1,2,10
311,中智商展（北京）国际会议展览股份公司,4,3,1.25,1,4,1,1,8
312,成都麦柯系统集成有限公司,1,2,0.9,1,2,2,2,7
313,成都瑞达科讯科技有限公司,1,2,0.95,1,4,1,4,7
314,成都瑞安信信息安全技术有限公司,1,1,1.125,1,5,2,1,10
315,四川建科旗云科技有限公司,5,1,1.0417,1,3,3,3,10
316,四川川大智胜系统集成有限公司,1,3,1.2,1,4,2,1,10
317,深圳融科科技有限公司,1,3,0.9,1,3,1,0,5
318,成都中领智能医疗产业发展股份有限公司,1,1,0.9,1,3,2,3,6
319,成都源代码教育咨询有限公司,1,2,0.9,1,3,2,2,8
320,北京德辰科技股份有限公司,1,3,1.25,1,4,2,2,10
321,成都华鼎智胜科技有限公司,1,1,0.7,1,3,2,7,0
322,成都威而信实业有限公司,1,1,0.9,1,3,1,0,3
323,瞬联软件科技（北京）有限公司 CIeNET Technologies,3,5,1.3,1,3,2,0,4
324,四川众合智控科技有限公司,1,3,1.3,1,5,2,2,6
325,成都子钦众和数码科技有限责任公司,1,3,0.8,1,4,2,1,8
326,麦田春雪科贸（北京）有限公司,1,2,1.75,1,4,2,0,4
327,成都智审数据有限公司,1,2,1.0,1,3,2,2,5
328,成都网丁科技有限公司,1,2,1.3,1,5,2,2,4
329,成都中环科创科技有限公司,1,1,1.0,1,4,1,1,7
330,成都国星宇航科技有限公司,1,2,1.55,1,4,2,1,6
331,赛昉科技,3,2,3.5,1,3,2,0,4
332,四川亨通网智科技有限公司,1,2,0.7,1,7,2,2,5
333,港融科技有限公司,4,5,1.6,1,4,2,2,5
334,马上消费金融股份有限公司,5,5,1.2,2,7,2,10,0
335,成都兴政电子政务运营服务有限公司,1,2,0.75,1,3,2,3,0
336,普元软件有限公司,1,4,0.9,1,3,2,1,5
337,成都百德邮政专用设备制造有限公司,1,3,0.95,1,4,2,1,9
338,成都康赛信息技术有限公司,1,3,1.25,1,5,1,0,7
339,北京恒泰实达科技股份有限公司,4,5,1.4,1,4,2,0,3
340,成都泰盟软件有限公司,1,3,0.625,1,3,2,3,9
341,成都戎星科技有限公司,1,2,0.6,1,4,2,6,7
342,四川科华房地产开发有限公司,1,5,1.4583,1,4,1,2,2
343,竞技世界（成都）网络技术有限公司,1,5,1.75,1,4,2,1,6
344,中路高科交通检测检验认证有限公司四川分公司,1,2,1.0417,1,3,2,1,8
345,成都迈瑞企业管理咨询有限公司,1,2,1.2,1,4,1,8,10
346,成都甲乙方程科技有限公司,1,1,0.95,1,4,2,7,3
347,四川华东电气集团有限公司,1,3,1.0,1,3,1,3,7
348,通威集团有限公司,1,6,1.3,1,5,2,1,8
349,四川中科数微科技有限公司,1,1,0.25,1,7,2,6,0
350,四川易瑞特科技有限公司,1,2,0.7,1,2,1,2,4
351,成都唛哆科技有限公司,1,1,0.8,1,4,1,2,5
352,上海联影智能医疗科技有限公司,1,5,1.25,1,3,2,0,0
353,成都荣为信息技术有限公司,1,1,1.0,1,3,1,1,9
354,中信国安建工集团有限公司,2,4,0.8,1,3,2,0,5
355,成都励翔文化创意股份有限公司,1,2,0.95,1,4,1,1,6
356,成都市亿合科技有限公司,1,2,1.05,1,4,1,1,3
357,四川新能智创科技有限公司,1,2,0.65,1,2,2,0,6
358,黑芝麻智能科技（上海）有限公司,5,3,1.05,1,4,2,2,6
359,成都卡莱博尔信息技术股份有限公司,1,2,1.15,1,5,2,1,0
360,成都抖咖文化传播有限公司,1,2,0.8,1,4,1,1,5
361,成都零点科技有限公司,1,2,1.15,1,3,1,0,7
362,QIMA(formerly AsiaInspection),3,5,2.75,1,4,2,4,7
363,四川通航达贸易有限公司,1,1,1.25,1,4,2,1,9
364,成都诚骏科技有限公司,1,2,0.525,1,3,2,2,7
365,四川政华立信软件有限公司,1,2,0.8,1,4,1,5,7
366,泰康人寿保险有限责任公司四川成都龙泉驿支公司,1,6,1.25,1,3,2,2,6
367,深圳市睿服科技有限公司,1,4,1.25,1,4,1,0,6
368,武汉佰钧成技术有限责任公司,1,6,1.4,1,3,2,4,3
369,北京青牛技术股份有限公司,3,4,0.95,1,7,2,1,7
370,成都正合地产顾问股份有限公司,4,5,0.9,1,3,2,2,6
371,成都途盛科技有限公司,1,2,0.85,1,4,1,5,2
372,成都云上微游科技有限公司,6,2,0.6,1,3,4,1,10
373,四川战友和他的朋友们网络科技有限公司,1,1,0.9,1,5,2,2,0
374,上海创远仪器技术股份有限公司,4,3,0.65,1,2,2,1,9
375,广州市艾索电子产品有限公司,1,2,1.25,1,2,2,0,7
376,广州运达智能科技有限公司,1,2,1.15,1,4,2,1,10
377,上海知了数据系统有限公司,1,2,0.75,1,4,1,0,5
378,三盟科技股份有限公司,4,4,1.45,1,4,2,2,5
379,北京兆信信息技术股份有限公司,1,3,1.15,1,4,2,2,6
380,成都华安视讯科技有限公司,1,2,0.8,1,3,2,1,0
381,成都持波科技有限公司,8,3,1.35,1,4,2,2,0
382,成都圣恩生物科技股份有限公司,1,3,0.65,1,2,2,1,10
383,成都优游信息技术有限公司,1,1,1.75,1,5,1,5,6
384,华润置地商业华西大区,2,3,0.9,1,4,2,1,6
385,成都事业佳企业管理咨询有限公司,1,2,0.8,1,3,1,1,7
386,畅加科技有限公司,1,1,0.75,1,3,1,5,6
387,成都中铁信息工程有限公司,2,2,0.7,0,0,0,0,8
388,广州华钧软件科技有限公司,1,2,2.15,0,0,0,0,0
389,上海数慧系统技术有限公司,1,3,0.75,1,1,2,1,10
390,成都大汇智安科技有限公司,6,1,1.45,1,4,2,2,6
391,上海富勒信息科技有限公司,5,3,0.6,1,3,2,2,10
392,四川新迎顺信息技术股份有限公司,4,2,1.1667,1,3,2,6,4
393,成都富森美家居股份有限公司,4,4,0.7,1,4,2,3,0
394,四川佳运油气技术服务有限公司,4,5,0.525,1,2,1,1,4
395,四川四原科技有限公司,1,2,0.7,1,4,2,1,4
396,北京汉克时代科技有限公司,1,5,1.25,1,4,2,0,0
397,成都愚创科技有限公司,1,2,1.1,1,4,1,0,0
398,康智健康科技（上海）有限公司,8,2,0.9,1,5,1,1,9
399,深圳市达铭丰科技有限公司,1,4,3.0,1,4,1,2,0
400,北京超图软件股份有限公司,4,5,0.9,1,3,2,2,4
401,成都斯安科技有限公司,1,2,0.7,1,3,2,0,8
402,国信蓝桥教育科技（北京）股份有限公司,1,3,1.25,1,4,2,10,8
403,中兴通讯股份有限公司,4,6,1.75,1,4,2,0,6
404,魔方元科技,1,3,1.75,1,4,2,1,0
405,四川天邑康和通信股份有限公司,1,5,1.25,1,2,2,2,5
406,成都纬视科技有限公司,1,1,1.0,1,3,1,2,3
407,北京时代匠心大数据科技有限公司,1,1,1.25,1,5,2,1,0
408,深圳市法奥管理咨询有限公司,1,1,1.5,1,4,2,5,0
409,成都博高信息技术股份有限公司,4,3,2.05,1,5,2,1,5
410,世豪新瑞集团,1,4,1.125,0,0,0,0,5
411,VERTU,1,3,0.95,1,3,1,1,4
412,成都东方盛行电子有限责任公司,1,2,1.2,2,3,2,2,6
413,合锐科技有限公司,1,3,1.25,1,4,2,1,5
414,成都云鼎丝路信息技术有限公司,1,2,0.85,1,2,2,5,5
415,成都聚车互联科技有限公司,1,2,0.9,1,2,1,2,6
416,方正国际软件（北京）有限公司,2,5,2.25,1,4,2,1,8
417,四川长虹佳华信息产品有限责任公司,2,5,0.9,1,3,1,1,6
418,四川科库科技有限公司,1,2,0.9,1,2,2,0,6
419,四川九州电子科技股份有限公司,2,5,1.05,1,3,2,1,7
420,成都智邦科技有限公司,1,2,1.15,1,4,1,1,4
421,上海文思海辉金信软件有限公司,5,6,1.25,1,4,2,10,0
422,四川省亿康科技开发有限责任公司,1,1,0.7,1,2,1,2,10
423,成都潘朵拉科技有限公司,1,1,0.8,1,3,1,2,5
424,博威铭物联网科技（成都）有限公司,1,2,0.55,1,2,1,1,4
425,欧冶云商股份有限公司,2,5,1.3,1,4,2,2,0
426,成都莲合金键科技有限责任公司,1,1,0.7,1,4,2,1,6
427,深圳市紫金支点技术股份有限公司,1,5,0.8,1,2,2,2,6
428,四川北斗智慧物联科技有限公司,1,1,0.4,1,7,2,3,6
429,宏图智能物流股份有限公司,1,3,1.05,1,4,2,1,5
430,北京神州宏图科技有限公司,1,3,0.65,1,2,2,2,7
431,四川太清信息技术有限公司,1,2,0.7,1,2,2,2,8
432,成都银泰商务服务有限公司,1,2,0.525,1,2,1,1,8
433,上海易宝软件有限公司,1,5,1.3,1,4,2,10,6
434,四川朗坤建筑工程有限公司,1,3,0.7,1,3,2,2,1
435,上海通办信息服务有限公司,1,3,0.8,1,3,1,3,8
436,成都中诚竣捷科技有限公司,1,2,1.15,1,4,2,1,4
437,北京开科唯识技术有限公司,5,5,1.15,1,3,2,0,0
438,成都达内英才添翼科技有限公司,4,5,1.0,1,2,2,1,9
439,四川飞天星河科技有限公司,1,1,1.5,1,4,1,3,0
440,四川袋鼠好车互联网科技有限公司,1,1,0.8,1,3,1,1,7
441,成都博彦软件技术有限公司深圳分公司,1,6,1.25,1,5,1,5,1
442,成都信达智胜科技有限公司,1,1,1.0,1,4,1,1,6
443,深圳道乐科技有限公司,1,3,2.25,2,4,2,0,7
444,成都埃克森尔科技有限公司,1,2,1.15,1,2,1,5,3
445,四川神龟科技有限公司,6,2,0.9,1,5,2,1,5
446,四川聚创医药有限公司,1,3,1.45,1,4,1,1,9
447,成都远望科技有限责任公司,1,1,1.65,1,4,2,1,8
448,万达信息股份有限公司,4,5,1.25,1,5,2,0,4
449,成都与梦同行科技有限公司,1,4,0.9,1,3,1,2,0
450,成都算力网络科技有限公司,1,3,1.5,1,3,1,1,7
451,广州碧软信息科技有限公司,5,4,0.9,1,2,1,0,6
452,成都万我科技有限公司,1,1,1.0,0,0,0,0,0
453,成都锐智互动网络科技有限公司,1,1,1.25,1,5,1,1,6
454,四川川润股份有限公司,1,5,1.4,1,3,1,3,7
455,成都米大科技有限公司,1,3,2.3,1,5,1,1,6
456,成都比昂科技有限公司,1,2,1.25,1,2,2,1,9
457,上海至数企业发展有限公司,6,2,1.6,1,4,2,1,4
458,恒银金融科技股份有限公司,4,5,0.95,1,5,2,0,9
459,M5公寓,1,3,1.15,1,5,1,0,0
460,成都斯达领科网络科技有限公司,1,3,1.7,1,4,2,1,0
461,中信网络科技股份有限公司,1,4,1.15,2,4,2,2,7
462,民航成都信息技术有限公司,2,2,1.25,1,1,2,3,9
463,成都积微物联集团股份有限公司,2,5,1.3,1,4,2,1,8
464,上海喆塔信息科技有限公司,5,2,1.25,1,4,2,1,8
465,贵州云腾未来科技有限公司,1,3,1.75,1,4,1,9,9
466,成都信新数码科技有限公司,1,2,0.9,1,4,1,2,0
467,安徽天元通信发展有限公司,1,3,0.7,1,4,2,0,5
468,成都时空超越软件科技有限公司,1,2,0.8,1,3,2,5,6
469,福建国科信息科技有限公司,1,3,1.0,1,4,2,1,0
470,星云飞救（成都）医疗科技股份有限公司,1,1,1.6,1,4,1,1,5
471,艾拉物联网络（深圳）有限公司,8,4,1.5,1,4,2,2,8
472,四川量子云商科技有限公司,1,3,0.8,1,4,1,1,10
473,四川锦兴教育咨询有限公司,2,2,0.7,1,4,2,1,0
474,四川金互通科技股份有限公司,1,2,0.525,1,2,2,1,0
475,郑州炬承信息技术有限公司,1,2,0.9,1,4,1,0,3
476,四川广力软件科技有限公司,1,2,0.75,1,2,2,4,4
477,成都同飞科技有限责任公司,1,2,1.35,1,4,2,2,9
478,成都汇众创科企业管理咨询有限公司,1,2,1.15,1,2,2,1,9
479,成都云客集科技有限公司,1,1,0.9,1,3,1,1,6
480,成都或与非科技有限公司,1,1,1.25,1,4,1,1,7
481,成都萌想科技有限责任公司,1,3,1.4,1,5,2,1,5
482,杭州橙谷科技有限公司,1,2,1.0,1,4,2,2,6
483,上海润和信息技术服务有限公司,4,5,1.15,1,4,2,0,0
484,成都恒智百川科技有限公司,1,1,0.75,1,4,1,1,0
485,北京信源电子信息技术有限公司,2,2,1.0,1,3,2,5,5
486,珠海赞同科技有限公司,1,5,1.4,1,4,2,1,6
487,福建网龙计算机网络信息技术有限公司,1,5,1.5,1,4,2,0,3
488,中科院成都信息技术股份有限公司,2,3,1.25,1,3,2,0,0
489,四川省红地科技有限责任公司,1,2,0.95,2,3,2,1,8
490,成都玩道互动科技有限公司,1,1,0.65,1,2,2,0,7
491,成都宝沣科技有限公司,1,2,0.9,1,4,1,2,5
492,上海连世数字技术有限公司大连分公司,8,3,2.5,1,5,2,0,10
493,成都财管易科技有限公司,1,2,0.9,1,3,1,1,4
494,北京航天鳞象科技发展有限公司,2,3,1.0,1,3,1,2,5
495,四川省集创科技有限责任公司,1,2,0.85,1,4,1,3,4
496,亚创（上海）工程技术有限公司,3,6,1.25,1,3,2,5,0
497,四川近点匠科技有限公司,1,1,1.0,1,4,1,1,0
498,四川纵横六合科技股份有限公司,4,2,1.25,1,4,2,1,10
499,成都四方伟业软件股份有限公司,1,4,1.9,1,4,2,1,10
500,海南太美航空股份有限公司,1,2,1.2,1,4,1,2,8
501,成都卓程科技有限公司,1,1,0.75,1,3,1,2,7
502,赛昇（北京）科技有限公司,2,1,1.0,2,3,2,5,5
503,通联支付网络服务股份有限公司,1,5,1.35,2,7,2,30,4
504,上海店宝宝电子商务有限公司,1,4,1.25,1,3,2,1,6
505,成都中科创达软件有限公司,4,3,1.75,1,4,1,5,9
506,北京恳维科技有限公司,1,1,1.25,1,3,1,0,7
507,成都泉源堂大药房连锁股份有限公司,1,5,0.9,1,4,1,1,9
508,远江盛邦（北京）网络安全科技股份有限公司,1,3,0.9,1,7,2,6,7
509,深圳乐通信息技术有限公司,1,2,1.25,2,4,1,0,3
510,香港太古地产有限公司成都代表处,8,1,1.15,1,4,2,1,9
511,西安华越信息技术有限公司,1,2,2.0,2,5,1,2,6
512,成都节节高教育科技有限公司,1,4,2.25,1,5,2,1,6
513,南京绛门信息科技股份有限公司,4,5,0.9,1,3,2,1,3
514,四川世外乡村集团有限公司,1,2,0.8,1,4,2,1,7
515,四川康源农产品有限公司,1,3,1.25,1,5,2,1,3
516,成都万慧众联科技有限公司,1,1,0.7,1,4,1,2,9
517,泸州老窖股份有限公司,2,5,0.8333,1,5,2,1,7
518,成都智住科技有限公司,1,1,0.35,1,7,1,1,5
519,瑞臻信息技术（深圳）有限公司,1,1,0.95,1,4,1,2,10
520,维布络信息科技(成都)有限公司,8,4,1.75,1,6,2,1,10
521,成都小火科技有限公司,1,1,1.05,1,3,1,0,6
522,西安午阳信息科技有限责任公司,1,1,1.35,1,4,2,3,5
523,北京埃顿酒店服务有限公司上海第二分公司,3,6,1.25,1,5,1,1,5
524,北京奕斯伟智慧技术有限公司成都分公司,1,2,1.85,1,3,2,0,0
525,四川纬远科技有限公司,1,2,0.525,1,1,1,3,7
526,成都小蟾科技有限公司,1,2,1.25,1,4,2,1,4
527,成都北斗智寻信息技术发展有限公司,1,1,1.45,1,4,1,1,0
528,中新金桥数字科技（北京）有限公司,1,2,0.95,1,4,1,5,3
529,西安通德电子科技有限公司,1,2,0.25,1,2,1,2,10
530,中国太平洋财产保险股份有限公司四川分公司,2,4,1.0,0,0,0,0,5
531,成都零牛科技有限公司,8,2,0.9,1,1,1,6,0
532,成都九威全然科技有限公司,1,2,0.525,0,0,0,0,10
533,成都九威全然科技有限公司,1,2,0.375,0,0,0,0,10
534,成都九威全然科技有限公司,1,2,0.375,0,0,0,0,10
535,成都九威全然科技有限公司,1,2,0.525,0,0,0,0,10
536,成都九威全然科技有限公司,1,2,0.525,0,0,0,0,10
537,成都荆或科技有限公司,1,2,0.35,1,2,1,2,10
538,成都上鑫网络科技有限公司,1,3,0.35,1,2,1,2,6
539,成都上鑫网络科技有限公司,1,3,0.55,1,2,1,2,6
540,联通（四川）产业互联网有限公司,2,3,2.0833,1,6,2,1,0
541,成都九威全然科技有限公司,1,2,0.375,0,0,0,0,10
542,申朴信息技术（上海）股份有限公司,4,4,1.1,1,4,1,5,7
543,申朴信息技术（上海）股份有限公司,4,4,1.1,1,4,1,0,0
544,申朴信息技术（上海）股份有限公司,4,4,1.1,1,3,1,5,6
545,上海迈辰信息科技有限公司成都分公司,1,1,0.8,1,3,1,0,8
546,上海迈辰信息科技有限公司成都分公司,1,1,1.75,1,5,2,0,10
547,成都恒图科技有限责任公司（fotor）,1,2,1.5,1,4,2,1,7
548,成都九威全然科技有限公司,1,2,0.375,1,1,1,2,10
549,成都荆或科技有限公司,1,2,0.375,1,1,1,2,10
550,成都荆或科技有限公司,1,2,0.525,1,1,1,1,10
551,四川联通（省本部）,2,0,0.0,0,0,0,0,0
552,四川联通（省本部）,2,0,0.0,0,0,0,0,0
553,四川鱼鳞图信息技术股份有限公司,1,5,1.1,1,5,2,1,6
554,成都红蚁科技有限公司,1,2,0.7,1,1,4,2,8
555,成都红蚁科技有限公司,1,2,0.7,1,1,1,0,7
556,成都红蚁科技有限公司,1,2,0.7,1,1,1,0,7
557,成都红蚁科技有限公司,1,2,0.7,1,1,1,2,0
558,成都红蚁科技有限公司,1,2,0.7,1,1,1,0,7
559,成都铭杰邦威科技有限公司,1,2,0.7,1,1,1,0,7
560,成都铭杰邦威科技有限公司,1,2,0.7,1,1,1,0,7
561,成都铭杰邦威科技有限公司,1,2,0.7,1,1,1,0,7
562,四川景你科技有限公司,1,3,2.75,1,5,2,1,5
563,四川景你科技有限公司,1,3,0.7,1,1,1,1,5
564,四川景你科技有限公司,1,3,0.7,1,7,1,3,5
565,四川景你科技有限公司,1,3,0.7,1,1,1,1,5
566,四川景你科技有限公司,1,3,0.7,1,1,1,1,5
567,四川景你科技有限公司,1,3,0.7,1,1,1,1,5
568,成都莎瑞科技有限公司,1,3,0.525,1,1,1,2,6
569,成都莎瑞科技有限公司,1,3,0.7,1,1,1,1,7
570,成都莎瑞科技有限公司,1,3,0.525,1,1,1,2,0
571,莫利辰光成都科技有限公司,1,3,0.7,1,1,1,3,7
572,莫利辰光成都科技有限公司,1,3,0.7,1,1,1,2,7
573,成都票安业科技有限公司,1,2,0.7,1,1,4,0,5
574,四川景你科技有限公司,1,3,0.7,1,1,1,1,5
575,成都莎瑞科技有限公司,1,3,0.7,1,1,1,2,7
576,成都莎瑞科技有限公司,1,3,0.7,1,1,1,1,0
577,四川九洲北斗导航与位置服务有限公司,2,3,1.7,1,5,2,2,8
578,成都零牛科技有限公司,8,2,1.25,1,1,1,3,0
579,北京北方新宇信息技术有限公司,4,5,1.15,1,5,2,0,3
580,成都红蚁科技有限公司,1,2,0.625,1,1,4,2,8
581,成都莎瑞科技有限公司,1,3,0.525,1,1,1,3,0
582,成都雨墨科技有限公司,1,2,0.35,1,7,2,8,0
583,成都雨墨科技有限公司,1,2,1.2,1,4,1,1,7
584,四川福摩数字科技有限公司,1,3,1.0,1,4,1,1,5
585,四川福摩数字科技有限公司,1,3,1.0,1,4,1,1,5
586,四川福摩数字科技有限公司,1,3,1.15,1,5,2,1,5
587,四川福摩数字科技有限公司,1,3,0.85,1,4,1,0,7
588,四川智能视讯信息技术有限公司,1,2,1.25,0,0,0,0,7
589,成都票安业科技有限公司,1,2,0.7,1,1,4,0,5
590,成都红蚁科技有限公司,1,2,0.525,1,1,4,0,8
591,成都铭杰邦威科技有限公司,1,2,0.7,1,1,1,0,7
592,成都民航空管科技发展有限公司,2,3,1.4583,1,1,2,2,7
593,四川景你科技有限公司,1,3,0.7,1,1,1,2,7
594,成都欣垒睿享科技有限公司,1,3,0.7,1,1,1,2,0
595,成都智元汇信息技术股份有限公司,1,3,1.4,1,4,2,1,6
596,四川度咪云科技有限公司,6,1,0.55,1,3,1,3,6
597,成都松强科技技术有限公司,1,3,1.75,0,0,0,0,0
598,成都松强科技技术有限公司,1,3,0.7,1,7,4,0,0
599,广州索氧音乐文化传播有限公司,1,1,0.7,1,3,2,0,6
600,成都红蚁科技有限公司,1,2,0.7,1,1,1,0,8
601,成都铭杰邦威科技有限公司,1,2,0.7,1,1,1,0,7
602,成都铭杰邦威科技有限公司,1,2,0.7,1,1,1,0,7
603,成都铭杰邦威科技有限公司,1,2,0.7,1,1,1,0,7
604,成都铭杰邦威科技有限公司,1,2,0.7,1,1,1,0,7
605,莫利辰光成都科技有限公司,1,3,0.7,1,1,1,3,7
606,四川景你科技有限公司,1,3,0.525,1,1,1,3,5
607,四川景你科技有限公司,1,3,0.525,1,7,1,2,5
608,成都欣垒睿享科技有限公司,1,3,0.7,1,1,1,2,0
609,成都欣垒睿享科技有限公司,1,3,0.7,1,1,1,3,0
610,武汉牧望群网络科技有限公司,5,2,1.6,2,2,1,2,9
611,武汉牧望群网络科技有限公司,5,2,0.85,2,3,1,1,9
612,加拿大计算机有限公司成都代表处,3,4,1.15,1,3,2,0,3
613,成都欣垒睿享科技有限公司,1,3,0.7,1,1,1,1,0
614,北京思特奇信息技术股份有限公司四川分公司,4,5,1.5,1,4,2,2,0
615,成都迈思信息技术有限公司,1,3,1.25,1,4,1,0,5
616,成都迈思信息技术有限公司,1,3,2.75,1,6,2,0,3
617,成都拓米双都光电有限公司,5,5,0.85,1,5,2,2,6
618,上海柯林布瑞信息技术有限公司,1,3,1.5,1,5,1,1,0
619,成都红蚁科技有限公司,1,2,0.7,1,1,1,3,8
620,成都铭杰邦威科技有限公司,1,2,0.7,1,1,1,0,7
621,四川英海瑞特科技有限公司,1,2,0.85,1,4,2,1,4
622,莫利辰光成都科技有限公司,1,3,0.7,1,1,1,1,7
623,莫利辰光成都科技有限公司,1,3,0.7,1,1,1,2,7
624,四川景你科技有限公司,1,3,0.7,1,1,1,3,5
625,成都莎瑞科技有限公司,1,3,0.7,1,1,1,3,0
626,四川久远银海软件股份有限公司,4,5,0.75,1,2,2,5,8
627,四川久远银海软件股份有限公司,4,5,1.05,1,4,2,12,5
628,四川久远银海软件股份有限公司,4,5,1.1,1,2,2,5,8
629,四川久远银海软件股份有限公司,4,5,0.3,1,7,2,0,0
630,四川久远银海软件股份有限公司,4,5,1.25,1,4,2,2,5
631,四川久远银海软件股份有限公司,4,5,0.95,1,4,2,2,8
632,四川久远银海软件股份有限公司,4,5,0.55,1,3,2,20,8
633,四川久远银海软件股份有限公司,4,5,0.75,1,2,2,10,8
634,成都风起科技有限公司,1,1,0.7,1,3,2,0,10
635,上海聚龄信息技术有限公司,5,2,1.75,1,3,2,50,3
636,北京环球医疗救援有限责任公司,5,2,0.6,2,7,2,0,8
637,北京环球医疗救援有限责任公司,5,2,0.6,1,2,2,2,7
638,成都亿盟恒信科技有限公司,1,2,1.25,1,4,1,0,10
639,深圳市捷兴电子商务有限公司,1,3,3.0,1,3,1,2,0
640,成都远望探测技术有限公司,1,2,1.15,1,3,2,3,10
641,四川曙光集团,1,3,1.2,1,5,2,5,7
642,北京直真科技股份有限公司,4,4,1.25,1,3,2,2,5
643,北京直真科技股份有限公司,4,4,1.15,1,3,2,1,6
644,成都卓远信息技术有限公司,1,2,1.1,1,3,2,3,4
645,成都佳发安泰教育科技股份有限公司,4,4,1.0,0,0,0,0,6
646,音泰思计算机技术（成都）有限公司,5,3,1.1,1,4,1,2,7
647,音泰思计算机技术（成都）有限公司,5,3,1.25,1,5,1,0,1
648,电信科学技术第五研究所有限公司,2,3,1.25,1,4,2,5,10
649,四川游谷科技有限公司,6,1,0.8,0,0,0,0,10
650,四川医信教育咨询有限责任公司,1,3,1.0,1,4,1,0,0
651,四川医信教育咨询有限责任公司,1,3,0.8,1,2,1,0,0
652,成都鸿业远图科技有限公司,1,1,0.95,1,4,2,0,5
653,深圳市优讯通信息技术有限公司,1,2,1.25,1,4,2,2,0
654,深圳市网新新思软件有限公司,1,5,1.15,1,4,1,2,5
655,大连华钦软件技术有限公司,1,0,1.75,1,4,2,2,0
656,成都九威全然科技有限公司,1,2,0.375,0,0,0,0,10
657,成都九威全然科技有限公司,1,2,0.525,0,0,0,0,10
658,成都九威全然科技有限公司,1,2,0.375,0,0,0,0,10
659,成都九威全然科技有限公司,1,2,0.375,0,0,0,0,10
660,成都九威全然科技有限公司,1,2,0.375,0,0,0,0,10
661,成都九威全然科技有限公司,1,2,0.375,0,0,0,0,10
662,成都九威全然科技有限公司,1,2,0.525,0,0,0,0,10
663,成都九威全然科技有限公司,1,2,0.525,0,0,0,0,10
664,成都九威全然科技有限公司,1,2,0.525,1,1,1,5,10
665,成都九威全然科技有限公司,1,2,0.525,0,0,0,0,10
666,成都九威全然科技有限公司,1,2,0.525,1,1,1,3,8
667,成都九威全然科技有限公司,1,2,0.525,1,1,1,2,10
668,成都九威全然科技有限公司,1,2,0.525,0,0,0,0,10
669,成都九威全然科技有限公司,1,2,0.375,0,0,0,0,10
670,成都九威全然科技有限公司,1,2,0.375,0,0,0,0,10
671,成都九威全然科技有限公司,1,2,0.375,0,0,0,0,10
672,成都九威全然科技有限公司,1,2,0.525,1,1,1,5,10
673,成都九威全然科技有限公司,1,2,0.525,0,0,0,0,10
674,成都九威全然科技有限公司,1,2,0.525,0,0,0,0,10
675,成都九威全然科技有限公司,1,2,0.525,1,1,1,3,10
676,成都九威全然科技有限公司,1,2,0.525,0,0,0,0,10
677,成都九威全然科技有限公司,1,2,0.525,1,1,1,5,10
678,成都九威全然科技有限公司,1,2,0.525,1,1,1,5,10
679,成都九威全然科技有限公司,1,2,0.525,1,1,1,2,8
680,成都九威全然科技有限公司,1,2,0.525,1,1,1,5,8
681,成都九威全然科技有限公司,1,2,0.25,1,7,1,2,8
682,成都九威全然科技有限公司,1,2,0.525,1,1,1,2,8
683,成都九威全然科技有限公司,1,2,0.35,1,1,1,2,8
684,成都九威全然科技有限公司,1,2,0.35,1,1,1,2,8
685,成都荆或科技有限公司,1,2,0.375,0,0,0,0,10
686,成都荆或科技有限公司,1,2,0.375,0,0,0,0,10
687,成都荆或科技有限公司,1,2,0.375,0,0,0,0,10
688,成都荆或科技有限公司,1,2,0.375,0,0,0,0,10
689,成都荆或科技有限公司,1,2,0.375,0,0,0,0,10
690,成都荆或科技有限公司,1,2,0.375,0,0,0,0,10
691,成都荆或科技有限公司,1,2,0.525,0,0,0,0,10
692,成都荆或科技有限公司,1,2,0.375,0,0,0,0,10
693,成都荆或科技有限公司,1,2,0.525,0,0,0,0,10
694,成都荆或科技有限公司,1,2,0.525,0,0,0,0,10
695,成都荆或科技有限公司,1,2,0.375,0,0,0,0,10
696,成都荆或科技有限公司,1,2,0.525,0,0,0,0,10
697,成都荆或科技有限公司,1,2,0.525,0,0,0,0,10
698,成都荆或科技有限公司,1,2,0.525,1,1,1,5,10
699,成都荆或科技有限公司,1,2,0.525,1,1,1,5,10
700,成都荆或科技有限公司,1,2,0.25,1,7,1,2,10
701,成都荆或科技有限公司,1,2,0.25,1,2,1,2,10
702,成都荆或科技有限公司,1,2,0.525,1,1,1,2,10
703,成都荆或科技有限公司,1,2,0.25,0,0,0,0,10
704,成都荆或科技有限公司,1,2,0.525,1,1,1,2,10
705,成都荆或科技有限公司,1,2,0.525,1,1,1,0,10
706,成都荆或科技有限公司,1,2,0.525,1,1,1,3,10
707,成都荆或科技有限公司,1,2,0.525,0,0,0,0,10
708,成都荆或科技有限公司,1,2,0.525,0,0,0,0,10
709,成都荆或科技有限公司,1,2,0.525,0,0,0,0,10
710,成都荆或科技有限公司,1,2,0.525,0,0,0,0,10
711,成都荆或科技有限公司,1,2,0.375,0,0,0,0,10
712,成都荆或科技有限公司,1,2,0.525,1,1,1,4,10
713,成都荆或科技有限公司,1,2,0.525,1,1,1,5,10
714,成都荆或科技有限公司,1,2,0.525,0,0,0,0,10
715,成都荆或科技有限公司,1,2,0.525,1,1,1,2,10
716,成都荆或科技有限公司,1,2,0.525,1,1,1,3,10
717,成都荆或科技有限公司,1,2,0.525,1,1,1,2,10
718,成都上鑫网络科技有限公司,1,3,0.525,0,0,0,0,10
719,成都上鑫网络科技有限公司,1,3,0.45,1,2,1,2,6
720,成都上鑫网络科技有限公司,1,3,0.35,1,7,1,2,6
721,成都上鑫网络科技有限公司,1,3,0.45,1,2,1,2,6
722,成都上鑫网络科技有限公司,1,3,0.45,1,2,1,2,6
723,成都上鑫网络科技有限公司,1,3,0.35,1,1,1,2,6
724,成都上鑫网络科技有限公司,1,3,0.35,1,2,1,2,6
725,成都上鑫网络科技有限公司,1,3,0.45,1,7,1,2,6
726,成都上鑫网络科技有限公司,1,3,0.25,1,7,1,0,6
727,成都上鑫网络科技有限公司,1,3,0.55,1,2,1,1,6
728,成都上鑫网络科技有限公司,1,3,0.55,1,2,1,1,6
729,成都上鑫网络科技有限公司,1,3,0.35,1,7,1,1,6
730,成都上鑫网络科技有限公司,1,3,0.35,1,7,1,1,6
731,成都上鑫网络科技有限公司,1,3,0.375,0,0,0,0,10
732,成都上鑫网络科技有限公司,1,3,0.375,0,0,0,0,10
733,成都上鑫网络科技有限公司,1,3,0.375,0,0,0,0,10
734,成都上鑫网络科技有限公司,1,3,0.375,0,0,0,0,10
735,成都上鑫网络科技有限公司,1,3,0.525,0,0,0,0,10
736,成都上鑫网络科技有限公司,1,3,0.375,0,0,0,0,10
737,成都上鑫网络科技有限公司,1,3,0.525,0,0,0,0,10
738,成都上鑫网络科技有限公司,1,3,0.375,0,0,0,0,10
739,成都上鑫网络科技有限公司,1,3,0.525,0,0,0,0,10
740,成都上鑫网络科技有限公司,1,3,0.525,0,0,0,0,10
741,成都上鑫网络科技有限公司,1,3,0.525,1,1,1,2,10
742,成都上鑫网络科技有限公司,1,3,0.525,0,0,0,0,10
743,成都上鑫网络科技有限公司,1,3,0.525,1,1,1,3,10
744,成都上鑫网络科技有限公司,1,3,0.525,0,0,0,0,10
745,成都上鑫网络科技有限公司,1,3,0.525,1,1,1,3,10
746,成都上鑫网络科技有限公司,1,3,0.525,1,1,1,3,10
747,成都上鑫网络科技有限公司,1,3,0.525,1,1,1,2,6
748,成都上鑫网络科技有限公司,1,3,0.25,1,7,1,1,9
749,成都上鑫网络科技有限公司,1,3,0.5,1,3,1,2,10
750,成都上鑫网络科技有限公司,1,3,0.375,0,0,0,0,6
751,成都上鑫网络科技有限公司,1,3,0.525,0,0,0,0,10
752,成都上鑫网络科技有限公司,1,3,0.375,0,0,0,0,7
753,成都上鑫网络科技有限公司,1,3,0.525,0,0,0,0,10
754,成都上鑫网络科技有限公司,1,3,0.525,0,0,0,0,10
755,成都上鑫网络科技有限公司,1,3,0.25,1,7,1,2,6
756,成都上鑫网络科技有限公司,1,3,0.35,1,1,1,2,6
757,成都上鑫网络科技有限公司,1,3,0.35,1,2,1,2,6
758,成都上鑫网络科技有限公司,1,3,0.45,1,1,1,2,6
759,成都上鑫网络科技有限公司,1,3,0.25,1,1,1,1,6
760,成都浩石科技有限公司,1,1,1.25,1,5,2,1,3
761,成都易设界科技有限公司,1,1,0.375,1,1,1,1,10
762,成都易设界科技有限公司,1,1,0.525,1,1,1,1,10
763,成都易设界科技有限公司,1,1,0.525,1,1,1,1,0
764,成都易设界科技有限公司,1,1,0.375,0,0,0,0,10
765,成都易设界科技有限公司,1,1,0.375,0,0,0,0,10
766,成都京成北智能科技有限责任公司,1,0,0.375,1,1,1,7,6
767,成都京成北智能科技有限责任公司,1,0,0.7,1,1,1,6,5
768,成都京成北智能科技有限责任公司,1,0,0.525,1,1,1,7,5
769,成都京成北智能科技有限责任公司,1,0,0.375,1,1,1,6,5
770,成都京成北智能科技有限责任公司,1,0,0.7,1,1,1,5,5
771,丹秋教育集团（名师堂学校）,1,5,0.9,1,4,2,1,3
772,杭州潮流信息技术有限公司成都分公司,1,2,1.1,1,4,2,3,6
773,成都道生万物大数据科技有限责任公司,1,0,0.7,0,0,0,0,0
774,成都道生万物大数据科技有限责任公司,1,0,0.7,0,0,0,0,0
775,成都道生万物大数据科技有限责任公司,1,0,0.525,0,0,0,0,0
776,成都道生万物大数据科技有限责任公司,1,0,0.7,0,0,0,0,0
777,成都道生万物大数据科技有限责任公司,1,0,0.525,1,1,4,4,0
778,成都道生万物大数据科技有限责任公司,1,0,0.525,1,1,4,5,0
779,成都道生万物大数据科技有限责任公司,1,0,0.7,0,0,0,0,0
780,成都道生万物大数据科技有限责任公司,1,0,0.7,1,1,4,5,0
781,成都道生万物大数据科技有限责任公司,1,0,0.7,0,0,0,0,0
782,成都道生万物大数据科技有限责任公司,1,0,0.7,0,0,0,0,0
783,成都道生万物大数据科技有限责任公司,1,0,0.7,1,1,4,4,0
784,成都道生万物大数据科技有限责任公司,1,0,0.7,1,1,4,5,0
785,中数通信息有限公司,2,5,0.9,1,4,2,2,6
786,成都分期学科技有限公司,1,2,0.375,1,2,1,4,0
787,成都分期学科技有限公司,1,2,0.375,1,1,1,2,0
788,成都分期学科技有限公司,1,2,0.375,1,1,1,2,0
789,成都分期学科技有限公司,1,2,0.375,1,1,1,3,0
790,成都分期学科技有限公司,1,2,0.525,1,1,1,5,0
791,成都分期学科技有限公司,1,2,0.525,1,1,1,4,0
792,成都分期学科技有限公司,1,2,0.375,1,1,1,2,0
793,成都分期学科技有限公司,1,2,0.375,1,7,1,5,0
794,新东网科技有限公司,1,4,0.85,1,4,1,1,6
795,成都民杰光华教育科技有限公司,1,2,1.0,1,4,2,0,4
796,成都天晟云信息技术有限公司,1,2,1.25,1,5,1,1,6
797,新华三技术有限公司,5,6,1.6,1,1,2,3,7
798,四川效率源信息安全技术股份有限公司,1,3,1.15,1,3,2,1,6
799,好医生药业集团有限公司,1,6,1.15,1,4,1,1,8
800,杭州永谐科技有限公司,1,3,1.3,1,3,2,2,6
801,成都零牛科技有限公司,8,2,0.7,1,1,1,3,0
802,成都思而科软件有限公司,5,3,0.8,1,2,2,3,6
803,成都思而科软件有限公司,5,3,1.4,1,4,1,6,0
804,成都思而科软件有限公司,5,3,1.2,1,4,1,2,5
805,成都零牛科技有限公司,8,2,0.9,1,1,1,3,0
806,成都数联易康科技有限公司,1,2,1.6,1,5,2,0,7
807,成都数联易康科技有限公司,1,2,1.0,1,4,2,0,7
808,成都数联易康科技有限公司,1,2,1.5,1,4,2,0,7
809,成都数联易康科技有限公司,1,2,0.85,1,4,1,0,7
810,成都数联易康科技有限公司,1,2,1.6,1,5,2,0,3
811,天津光电通信技术有限公司,2,5,1.25,1,4,2,5,0
812,天津光电通信技术有限公司,2,5,1.25,1,3,2,10,0
813,上海肯耐珂萨人力资源科技股份有限公司,1,4,2.0,1,3,2,3,6
814,四川坤贝网络科技有限公司,1,2,0.375,0,0,0,0,10
815,四川坤贝网络科技有限公司,1,2,0.525,0,0,0,0,10
816,四川坤贝网络科技有限公司,1,2,0.525,0,0,0,0,10
817,四川坤贝网络科技有限公司,1,2,0.525,0,0,0,0,10
818,四川坤贝网络科技有限公司,1,2,0.375,0,0,0,0,10
819,四川坤贝网络科技有限公司,1,2,0.525,0,0,0,0,10
820,四川坤贝网络科技有限公司,1,2,0.375,0,0,0,0,10
821,四川坤贝网络科技有限公司,1,2,0.375,0,0,0,0,10
822,四川坤贝网络科技有限公司,1,2,0.525,0,0,0,0,10
823,四川坤贝网络科技有限公司,1,2,0.525,0,0,0,0,10
824,四川坤贝网络科技有限公司,1,2,0.525,0,0,0,0,10
825,四川坤贝网络科技有限公司,1,2,0.375,0,0,0,0,10
826,四川坤贝网络科技有限公司,1,2,0.375,0,0,0,0,10
827,四川坤贝网络科技有限公司,1,2,0.375,0,0,0,0,10
828,四川坤贝网络科技有限公司,1,2,0.375,0,0,0,0,10
829,四川坤贝网络科技有限公司,1,2,0.525,0,0,0,0,10
830,四川坤贝网络科技有限公司,1,2,0.525,0,0,0,0,10
831,四川坤贝网络科技有限公司,1,2,0.375,0,0,0,0,10
832,四川坤贝网络科技有限公司,1,2,0.525,0,0,0,0,10
833,四川坤贝网络科技有限公司,1,2,0.525,0,0,0,0,10
834,四川坤贝网络科技有限公司,1,2,0.375,0,0,0,0,10
835,四川坤贝网络科技有限公司,1,2,0.525,0,0,0,0,10
836,四川坤贝网络科技有限公司,1,2,0.525,0,0,0,0,10
837,四川坤贝网络科技有限公司,1,2,0.375,0,0,0,0,10
838,民航成都电子技术有限责任公司,2,4,1.25,1,1,2,1,10
839,民航成都电子技术有限责任公司,2,4,1.4167,1,1,2,2,10
840,民航成都电子技术有限责任公司,2,4,1.5417,1,1,2,3,10
841,民航成都电子技术有限责任公司,2,4,1.4583,1,7,2,2,10
842,成都鹦鹉螺大数据科技有限公司,1,4,0.9,1,4,2,2,0
843,掌起未来智能科技有限公司,1,2,1.25,1,5,1,1,0
844,VSPN,1,4,1.5,1,3,1,1,0
845,河北神玥软件科技股份有限公司,4,4,1.0,1,3,2,3,4
846,新电信息科技（成都）有限公司,8,4,0.0,1,3,2,3,4
847,新电信息科技（成都）有限公司,8,4,0.0,1,7,2,2,5
848,新电信息科技（成都）有限公司,8,4,1.0,1,4,2,2,6
849,成都瑞达科讯科技有限公司,1,2,0.9,1,4,1,2,6
850,平安科技（深圳）有限公司,1,5,1.75,1,5,2,1,3
851,中软国际科技服务有限公司,5,6,1.15,1,4,1,5,0
852,中软国际科技服务有限公司,5,6,1.25,1,4,1,5,0
853,中软国际科技服务有限公司,5,6,1.25,1,4,1,5,6
854,中软国际科技服务有限公司,5,6,1.25,1,4,2,2,6
855,中软国际科技服务有限公司,5,6,1.25,1,4,2,2,3
856,中软国际科技服务有限公司,5,6,1.25,1,4,2,2,3
857,普元软件有限公司,1,4,1.0,1,4,2,1,5
858,成都易达数安科技有限公司,1,3,0.95,1,4,2,4,0
859,成都戎星科技有限公司,1,2,1.0,1,4,2,5,7
860,成都戎星科技有限公司,1,2,1.35,1,4,2,2,7
861,深圳市网新新思软件有限公司,1,5,1.1,1,4,1,0,0
862,杭州东信北邮信息技术有限公司,2,4,1.25,1,3,2,5,1
863,杭州东信北邮信息技术有限公司,2,4,1.25,1,4,2,10,7
864,四川中科数微科技有限公司,1,1,0.7,1,2,2,8,0
865,四川中科数微科技有限公司,1,1,1.2,1,3,2,5,0
866,成都荣为信息技术有限公司,1,1,1.0,1,3,1,2,9
867,中信国安建工集团有限公司,2,4,1.8,1,5,2,1,5
868,四川众合智控科技有限公司,1,3,1.05,1,4,2,2,6
869,成都派沃特科技股份有限公司,1,2,0.525,1,2,1,1,7
870,北京青牛技术股份有限公司,3,4,1.5,1,4,2,1,5
871,三盟科技股份有限公司,4,4,1.2,1,3,1,1,4
872,成都事业佳企业管理咨询有限公司,1,2,0.75,1,4,1,4,7
873,上海数慧系统技术有限公司,1,3,1.1,1,2,2,0,7
874,四川新迎顺信息技术股份有限公司,4,2,1.6667,1,5,2,5,4
875,北京汉克时代科技有限公司,1,5,1.25,1,4,1,10,0
876,成都愚创科技有限公司,1,2,1.25,1,4,2,6,0
877,成都派沃特科技股份有限公司,1,2,0.575,1,4,1,1,7
878,成都斯安科技有限公司,1,2,0.7,1,3,1,3,9
879,成都造易软件有限责任公司,1,1,1.75,1,5,2,6,9
880,成都珂芙故荟科技有限公司,1,2,0.525,0,0,0,0,10
881,成都珂芙故荟科技有限公司,1,2,0.525,0,0,0,0,10
882,成都珂芙故荟科技有限公司,1,2,0.375,0,0,0,0,10
883,成都珂芙故荟科技有限公司,1,2,0.525,0,0,0,0,10
884,成都珂芙故荟科技有限公司,1,2,0.375,0,0,0,0,10
885,成都珂芙故荟科技有限公司,1,2,0.375,0,0,0,0,10
886,成都珂芙故荟科技有限公司,1,2,0.525,0,0,0,0,10
887,成都珂芙故荟科技有限公司,1,2,0.375,0,0,0,0,10
888,成都珂芙故荟科技有限公司,1,2,0.525,0,0,0,0,10
889,成都珂芙故荟科技有限公司,1,2,0.375,0,0,0,0,10
890,成都珂芙故荟科技有限公司,1,2,0.525,0,0,0,0,10
891,成都珂芙故荟科技有限公司,1,2,0.525,0,0,0,0,10
892,成都珂芙故荟科技有限公司,1,2,0.375,0,0,0,0,10
893,成都珂芙故荟科技有限公司,1,2,0.525,0,0,0,0,10
894,成都珂芙故荟科技有限公司,1,2,0.375,0,0,0,0,10
895,成都珂芙故荟科技有限公司,1,2,0.375,0,0,0,0,10
896,成都鲲摇物联网有限责任公司,1,2,0.525,0,0,0,0,10
897,成都鲲摇物联网有限责任公司,1,2,0.525,0,0,0,0,10
898,成都鲲摇物联网有限责任公司,1,2,0.375,0,0,0,0,10
899,成都鲲摇物联网有限责任公司,1,2,0.525,0,0,0,0,10
900,成都鲲摇物联网有限责任公司,1,2,0.525,0,0,0,0,10
901,成都鲲摇物联网有限责任公司,1,2,0.525,0,0,0,0,10
902,成都鲲摇物联网有限责任公司,1,2,0.375,0,0,0,0,10
903,四川曙光集团,1,3,0.95,1,5,2,1,7
904,世豪新瑞集团,1,4,1.4583,0,0,0,0,5
905,成都荣为信息技术有限公司,1,1,1.0,1,3,1,2,9
906,康德曼（北京）互联网技术有限公司,1,2,0.9,1,3,2,0,0
907,康德曼（北京）互联网技术有限公司,1,2,1.25,1,4,2,0,0
908,康德曼（北京）互联网技术有限公司,1,2,1.25,1,4,2,0,0
909,康德曼（北京）互联网技术有限公司,1,2,0.7,1,3,2,0,0
910,康德曼（北京）互联网技术有限公司,1,2,1.25,1,4,1,10,1
911,康德曼（北京）互联网技术有限公司,1,2,1.25,1,3,1,0,0
912,成都造易软件有限责任公司,1,1,1.0,1,7,2,5,10
913,天津光电通信技术有限公司,2,5,1.35,1,5,2,5,7
914,深圳极联信息技术股份有限公司,1,4,1.45,1,5,1,1,8
915,深圳极联信息技术股份有限公司,1,4,1.05,1,4,2,0,8
916,深圳极联信息技术股份有限公司,1,4,0.9,1,4,2,3,6
917,北京神州宏图科技有限公司,1,3,1.1,1,4,2,2,7
918,上海易宝软件有限公司,1,5,1.25,1,4,2,5,0
919,北京开科唯识技术有限公司,5,5,1.1,1,3,2,1,0
920,申朴信息技术（上海）股份有限公司,4,4,1.25,1,4,1,6,0
921,成都易设界科技有限公司,1,1,0.375,0,0,0,0,10
922,成都易设界科技有限公司,1,1,0.375,0,0,0,0,0
923,成都易设界科技有限公司,1,1,0.525,0,0,0,0,10
924,成都迈思信息技术有限公司,1,3,1.25,1,3,1,1,5
925,成都信达智胜科技有限公司,1,1,1.25,1,5,1,2,6
926,上海易宝软件有限公司,1,5,1.15,1,4,2,10,4
927,成都远望科技有限责任公司,1,1,1.25,1,4,2,1,10
928,万达信息股份有限公司,4,5,1.25,1,5,1,1,4
929,成都激水信息技术有限公司,1,3,1.6667,1,3,2,3,0
930,四川东走西走科技有限公司,1,2,1.6,1,5,1,1,0
931,成都锐智互动网络科技有限公司,1,1,1.25,1,5,1,1,9
932,成都斯达领科网络科技有限公司,1,3,1.15,1,4,2,1,5
933,成都斯达领科网络科技有限公司,1,3,1.0,1,4,2,1,5
934,民航成都信息技术有限公司,2,2,1.25,1,4,2,1,9
935,中兴通讯股份有限公司,4,6,1.75,1,4,2,2,6
936,中软国际科技服务有限公司,5,6,1.25,1,4,2,2,7
937,成都同飞科技有限责任公司,1,2,0.9,1,3,1,2,10
938,成都同飞科技有限责任公司,1,2,1.25,1,4,2,1,10
939,四川川大智胜系统集成有限公司,1,3,1.25,1,4,2,1,7
940,成都算力网络科技有限公司,1,3,1.5,1,3,1,1,7
941,上海易宝软件有限公司,1,5,1.25,1,3,2,5,5
942,成都云客集科技有限公司,1,1,0.9,1,3,1,1,6
943,成都同飞科技有限责任公司,1,2,1.35,1,5,2,1,9
944,四川川润股份有限公司,1,5,1.0,1,4,2,1,10
945,四川川润股份有限公司,1,5,0.8,1,4,4,1,10
946,成都源代码教育咨询有限公司,1,2,0.9,1,3,2,2,8
947,福建国科信息科技有限公司,1,3,1.25,1,3,1,5,0
948,武汉佰钧成技术有限责任公司,1,6,1.35,1,4,2,15,4
949,武汉佰钧成技术有限责任公司,1,6,1.25,1,3,2,5,4
950,上海文思海辉金信软件有限公司,5,6,1.25,1,4,2,4,0
951,四川纵横六合科技股份有限公司,4,2,1.25,1,4,2,1,9
952,安睿智达（成都）科技有限公司,1,2,0.7,1,4,2,2,10
953,成都卓程科技有限公司,1,1,1.15,1,5,2,2,7
954,北京航天鳞象科技发展有限公司,2,3,0.85,1,3,1,3,5
955,通联支付网络服务股份有限公司,1,5,1.35,2,7,2,15,4
956,成都中科创达软件有限公司,4,3,1.35,1,3,1,2,9
957,深圳乐通信息技术有限公司,1,2,1.25,1,4,2,3,0
958,深圳乐通信息技术有限公司,1,2,0.9,2,4,1,0,3
959,深圳乐通信息技术有限公司,1,2,1.25,0,0,0,0,3
960,成都智住科技有限公司,1,1,0.35,1,7,1,1,0
961,成都智住科技有限公司,1,1,0.35,1,7,1,2,5
962,成都智住科技有限公司,1,1,0.65,1,2,2,1,5
963,成都智住科技有限公司,1,1,0.55,1,2,2,1,5
964,成都智住科技有限公司,1,1,0.4,1,7,2,2,4
965,成都智住科技有限公司,1,1,0.5,1,4,1,10,4
966,成都鸿业远图科技有限公司,1,1,1.4,1,5,2,0,8
967,北京安必奇生物科技有限公司,1,3,1.15,1,2,2,5,5
968,北京安必奇生物科技有限公司,1,3,1.15,1,2,2,5,5
969,远江盛邦（北京）网络安全科技股份有限公司,1,3,1.5417,1,2,2,2,0
970,华通科技有限公司,1,4,0.9,1,4,1,2,2
971,四川熵熵科技有限公司,1,2,1.0,1,4,2,8,0
972,四川纬远科技有限公司,1,2,0.9,0,0,0,0,8
973,四川纬远科技有限公司,1,2,0.95,1,4,1,2,5
974,中新金桥数字科技（北京）有限公司,1,2,1.25,1,5,1,2,2
975,成都九威全然科技有限公司,1,2,0.25,0,0,0,0,10
976,成都九威全然科技有限公司,1,2,0.25,1,2,1,2,8
977,北京环球医疗救援有限责任公司,5,2,0.175,1,4,2,2,8
978,成都鲲摇物联网有限责任公司,1,2,0.25,0,0,0,0,10
979,成都荆或科技有限公司,1,2,0.25,0,0,0,0,10
980,深圳极联信息技术股份有限公司,1,4,0.0,1,4,1,0,8
981,成都荆或科技有限公司,1,2,0.25,1,2,1,1,10
982,四川坤贝网络科技有限公司,1,2,0.25,0,0,0,0,10
983,成都瑞安信信息安全技术有限公司,1,1,0.2083,1,7,2,1,10
984,哈尔滨安天科技集团股份有限公司,1,4,0.1542,1,5,2,2,5
985,北京思特奇信息技术股份有限公司四川分公司,4,5,0.125,1,5,2,1,10
986,四川锦兴教育咨询有限公司,2,2,0.175,1,7,2,1,0
987,成都同飞科技有限责任公司,1,2,0.3,1,7,2,2,0
988,武汉佰钧成技术有限责任公司,1,6,0.175,1,4,2,0,8
