,companyName,companyNature,conpanySize,salary,city,experience,education,demand,treatment
0,京北方信息技术股份有限公司成都分公司,1,4,12.5,1,3,2,5,6
1,成都统一企业食品有限公司重庆分公司,8,5,4.5,1,1,2,2,0
2,北京启明星辰信息安全技术有限公司,4,5,15.0,1,4,2,4,6
3,哈尔滨安天科技集团股份有限公司,1,4,18.5,1,5,2,2,5
4,四川省元通润达信息技术有限公司,1,1,10.5,1,4,2,1,10
5,联通（四川）产业互联网有限公司,2,3,14.5833,1,3,2,1,0
6,北京明朝万达科技股份有限公司,1,3,9.0,1,2,2,1,6
7,珠海赞同科技有限公司,1,5,15.5,1,4,2,2,0
8,上海长江唯诚科技股份有限公司,1,2,10.5,1,4,2,0,5
9,成都畅通宏远科技股份有限公司,1,3,10.5,1,4,2,1,7
10,北京环球医疗救援有限责任公司,5,2,12.5,1,5,2,1,6
11,成都远望探测技术有限公司,1,2,10.5,1,4,2,3,10
12,四川创智优联科技有限公司,1,1,12.5,1,4,2,2,5
13,成都纵横格子科技有限公司,1,1,10.5,1,5,1,0,5
14,成都臻琰科技有限公司,1,3,5.0,1,1,1,0,0
15,中国兵器装备集团自动化研究所,2,0,0.0,0,0,0,0,0
16,上海壹账通金融科技有限公司,4,5,17.5,1,4,2,1,4
17,成都合能创越软件有限公司,1,3,13.5,1,4,2,2,4
18,成都止观互娱科技有限公司,1,2,12.5,1,3,2,1,10
19,成都荆或科技有限公司,1,2,3.75,0,0,0,0,10
20,成都九威全然科技有限公司,1,2,5.25,0,0,0,0,10
21,四川招生考试信息资讯有限责任公司,2,2,7.5,1,3,2,1,6
22,卓望数码技术（深圳）有限公司,5,0,0.0,0,0,0,0,0
23,中通服创立信息科技有限责任公司,1,0,0.0,1,7,2,25,0
24,北京世纪安图数码科技发展有限责任公司,1,0,0.0,0,0,0,0,0
25,北京超图软件股份有限公司,1,0,0.0,0,0,0,0,0
26,中建电子商务有限责任公司,2,0,0.0,1,7,2,0,0
27,广州赛意信息科技股份有限公司,4,0,7.0,1,7,2,100,0
28,北京宇信科技集团股份有限公司,5,6,12.0,1,4,2,5,8
29,成都北科维拓科技有限公司,1,3,9.0,1,3,1,1,7
30,北京光宇在线科技有限责任公司,1,2,12.5,1,4,1,2,0
31,成都优旭科技有限公司,1,1,5.5,1,2,1,3,5
32,四川文轩轩客会文化发展有限公司,2,2,10.0,1,3,2,1,8
33,普擎（成都）数字科技有限公司,1,2,15.0,1,4,1,1,2
34,申朴信息技术（上海）股份有限公司,4,4,15.0,1,4,1,10,7
35,用友网络科技股份有限公司四川分公司,4,6,9.0,1,4,2,1,10
36,四川创博云软信息技术有限公司,1,1,5.25,1,2,2,5,4
37,成都一诺非凡广告有限公司,1,3,7.0,1,1,1,1,7
38,上海迈辰信息科技有限公司成都分公司,1,1,11.5,1,4,2,0,8
39,成都联客信息技术有限公司,8,2,6.5,1,2,2,2,8
40,薪太软（上海）科技发展有限公司,1,2,17.5,1,5,1,1,4
41,成都深驾科技有限公司,1,2,13.5,1,4,2,2,5
42,成都鹏业软件股份有限公司,1,3,8.5,1,3,1,2,8
43,四川英得赛克科技有限公司,1,2,16.0,1,4,2,1,7
44,中飞赛维智能科技股份有限公司,1,3,12.5,1,4,2,1,3
45,西藏电子商务有限公司,2,3,11.5,1,5,2,3,9
46,南京易联阳光信息技术股份有限公司,1,3,7.0,1,3,1,2,6
47,成都分期学科技有限公司,1,2,3.75,1,1,1,2,0
48,天津天堰科技股份有限公司,4,3,8.5,1,3,2,1,7
49,成都鲲摇物联网有限责任公司,1,2,3.75,1,2,1,1,10
50,北京赛福阔利特科技有限公司,1,1,11.5,1,4,1,0,4
51,上扬软件（上海）有限公司,8,3,4.25,1,7,2,0,4
52,宏图智能物流股份有限公司,1,3,12.5,1,4,2,1,5
53,成都康天科技有限公司,1,2,9.0,1,2,2,8,4
54,苏州市伏泰信息科技股份有限公司,1,0,0.0,0,0,0,0,0
55,北京恒泰实达科技股份有限公司,4,5,27.5,1,6,2,0,3
56,云和恩墨（北京）信息技术有限公司,1,0,7.0,1,7,2,0,0
57,北京永洪商智科技有限公司,1,0,0.0,0,0,0,0,0
58,兴业数字金融服务（上海）股份有限公司,5,0,0.0,0,0,0,0,0
59,同程旅行,1,0,0.0,0,0,0,0,0
60,软件与服务中心,2,0,0.0,0,0,0,0,0
61,宝信软件（成都）有限公司,2,2,7.5,1,2,2,1,5
62,北京中油瑞飞信息技术有限责任公司,1,0,0.0,0,0,0,0,0
63,河北神玥软件科技股份有限公司,4,4,6.0,1,1,2,10,4
64,成都虚谷伟业科技有限公司,1,2,11.5,1,4,2,5,1
65,成都艾迪众恒企业管理咨询有限公司,1,2,9.0,0,0,0,0,0
66,四川新鸿兴集团有限公司,1,4,8.5,1,2,1,1,7
67,成都大汇智安科技有限公司,6,1,21.0,1,5,2,2,6
68,广州汇智通信技术有限公司,2,5,10.4167,1,2,2,4,10
69,成都天晟云信息技术有限公司,1,2,17.5,1,6,1,0,4
70,北京致远互联软件股份有限公司,5,0,0.0,0,0,0,0,0
71,深圳市宝能投资集团有限公司,4,0,0.0,0,0,0,0,0
72,成都运达科技股份有限公司,4,0,0.0,0,0,0,0,0
73,叠拓信息技术(北京)有限公司成都分公司,1,0,0.0,0,0,0,0,0
74,四川鱼鳞图信息技术股份有限公司,1,5,12.0,1,3,1,2,8
75,中国人民人寿保险股份有限公司,1,0,0.0,1,3,2,0,0
76,软通动力信息技术（集团）有限公司,1,0,7.0,0,0,0,0,0
77,上海纵立软件技术有限公司,1,1,2.5,1,7,2,3,0
78,北京兰光创新科技有限公司,4,2,12.5,1,3,2,3,4
79,四川蜜蜂族网络科技有限公司,1,3,17.5,1,3,1,3,7
80,成都天地网信息科技有限公司,1,3,21.5,1,5,2,2,9
81,广州咨元信息科技有限公司,1,3,8.0,1,2,1,1,1
82,全友家私有限公司,1,6,10.5,1,5,1,1,5
83,上海兆殷特科技有限公司,1,3,21.0,2,3,2,2,3
84,三峡高科信息技术有限责任公司,2,2,9.5,1,3,2,1,10
85,四川九强通信科技有限公司,2,2,8.0,1,4,1,4,7
86,成都雨墨科技有限公司,1,2,8.5,1,2,2,1,7
87,通威集团有限公司,1,6,11.5,1,4,1,3,8
88,中通服软件科技有限公司,2,4,3.75,1,7,2,0,0
89,天津荣耀互娱信息技术有限公司成都分公司,1,3,4.5,1,2,2,2,10
90,四川中科德勤科技有限公司,1,2,17.5,1,5,2,1,4
91,杭州顺网科技股份有限公司,4,5,16.0,1,5,2,1,7
92,健新科技,4,3,11.5,1,5,2,2,0
93,成都冰蓝科技有限公司,1,1,18.0,1,4,2,5,5
94,成都揽明月科技有限公司,5,2,15.0,1,4,2,0,0
95,四川福摩数字科技有限公司,1,3,12.5,1,4,1,2,0
96,上海嘉迅人才信息咨询有限公司,1,2,16.0,1,4,1,5,0
97,成都睿远合一企业管理咨询有限公司,1,1,35.0,1,4,2,1,0
98,成都鬼脸科技有限公司,1,2,21.5,1,5,1,1,6
99,四川协合集团,1,2,9.0,1,3,1,4,7
100,深圳弘广商科技有限公司,1,3,37.5,1,3,2,0,9
101,成都揽明月科技有限公司,5,2,15.0,1,4,2,0,0
102,四川福摩数字科技有限公司,1,3,12.5,1,4,1,2,0
103,上海嘉迅人才信息咨询有限公司,1,2,16.0,1,4,1,5,0
104,成都睿远合一企业管理咨询有限公司,1,1,35.0,1,4,2,1,0
105,成都鬼脸科技有限公司,1,2,21.5,1,5,1,1,6
106,四川协合集团,1,2,9.0,1,3,1,4,7
107,深圳弘广商科技有限公司,1,3,37.5,1,3,2,0,9
108,成都乐才信息技术服务有限公司,1,3,9.0,1,4,1,3,5
109,成都非络通达科技有限公司,1,2,15.0,1,5,2,1,9
110,成都易达数安科技有限公司,1,3,5.25,1,7,2,10,7
111,成都金鼎时代网络科技有限公司,1,2,9.0,1,3,2,1,10
112,成都数之联科技有限公司,1,3,17.5,1,5,2,3,6
113,四川天翼网络服务有限公司,1,3,12.5,1,4,2,1,5
114,成都高伟达信息技术有限公司,4,5,12.5,1,5,2,5,7
115,四川汇安融信息技术服务有限公司,1,2,15.0,1,5,2,0,6
116,成都民航空管科技发展有限公司,2,3,14.5833,1,1,2,3,7
117,广州云链科技有限公司,1,3,12.5,1,5,1,2,3
118,通联支付网络服务股份有限公司四川分公司,6,3,6.0,1,7,2,1,6
119,成都比特信安科技有限公司,1,1,12.5,1,4,2,2,5
120,成都智元汇信息技术股份有限公司,1,3,11.0,1,3,2,4,6
121,中瑞集团,1,6,9.0,1,4,2,2,10
122,南京烽火星空通信发展有限公司,2,5,11.5,2,7,2,0,7
123,四川度咪云科技有限公司,6,1,7.0,0,0,0,0,5
124,成都能峰电气有限公司,1,2,11.5,1,4,2,2,7
125,深圳市海云天科技股份有限公司,1,4,18.5,1,5,2,1,10
126,深圳瑞泰信资讯有限公司,1,2,12.5,1,4,1,1,0
127,成都房联云码科技有限公司,1,3,10.0,1,4,2,1,9
128,四川观想科技股份有限公司,1,3,15.0,1,4,1,0,7
129,成都中科大旗软件股份有限公司,1,3,12.0,1,4,2,1,4
130,成都国卫信安信息技术有限公司,1,2,8.0,1,3,2,1,6
131,北京科电航宇空间技术有限公司,1,3,12.5,1,5,2,10,0
132,成都微心动科技有限公司,6,1,4.5,1,2,1,0,3
133,中嘉康德有限公司,1,1,9.0,2,4,2,2,0
134,西藏金采科技股份有限公司,1,3,12.5,1,5,2,0,6
135,四川恒宇中天网络科技有限责任公司,1,2,5.25,1,1,1,0,8
136,成都泰斯诺科技有限公司,1,2,7.0,1,7,1,0,0
137,成都千泰春科技有限公司,1,3,5.25,1,7,4,0,6
138,北京思特奇信息技术股份有限公司四川分公司,4,5,16.0,1,5,2,4,10
139,成都票安业科技有限公司,1,2,5.25,1,1,1,0,5
140,上海好学网络科技有限公司,1,2,17.0,1,5,2,3,7
141,上海壹树医疗科技有限公司,1,1,20.0,1,4,2,1,0
142,IBM China,3,5,12.5,1,3,2,4,5
143,北京环亚信通信息科技有限公司,1,3,15.0,1,4,2,3,5
144,四川众鹏科技有限公司,1,2,14.0,1,5,2,2,4
145,上海雍米计算机科技有限公司,1,3,29.0,1,3,1,3,0
146,成都顶呱呱投资集团有限公司,4,6,12.5,1,4,1,10,5
147,上海海鼎信息工程股份有限公司,1,4,12.5,1,4,2,0,1
148,成都聚思力信息技术有限公司,3,4,12.5,1,4,2,3,9
149,杭州友声科技股份有限公司,1,3,10.0,1,4,1,2,10
150,四川景你科技有限公司,1,3,5.25,1,1,1,2,5
151,四川中天鹰眼信息技术有限公司,6,1,10.5,1,4,1,0,7
152,四川汇源光通信有限公司,4,3,10.0,1,2,2,4,7
153,武汉牧望群网络科技有限公司,5,2,25.0,2,3,1,2,9
154,杭州今元标矩科技有限公司,1,3,12.5,1,3,2,10,4
155,成都新视角商贸有限公司,1,2,7.0,1,1,1,0,0
156,四川川消消防车辆制造有限公司,5,4,9.0,1,2,2,2,7
157,湖北楚天龙实业有限公司,1,2,7.0,1,3,1,1,9
158,成都恩威投资（集团）有限公司,1,5,6.5,1,2,1,3,4
159,四川天正信息科技有限公司,2,1,12.5,1,5,2,0,9
160,成都磊数科技有限公司,1,2,9.0,1,3,1,1,6
161,成都乾景晟弘企业管理合伙企业（有限合伙）,1,4,9.0,1,4,1,10,8
162,成都购商云汇信息技术有限公司,1,2,20.0,1,4,2,2,5
163,上海君枫珠宝首饰有限公司成都分公司,1,2,10.0,1,4,2,1,8
164,上海灰菇凉模特服务有限公司,6,1,25.0,0,0,0,0,2
165,四川泓宝润业工程技术有限公司,1,0,9.0,1,4,1,1,4
166,重庆庆云石油工程技术有限责任公司,1,3,9.0,1,4,2,1,4
167,中美创世成都物联科技有限公司,1,3,12.5,1,4,2,1,4
168,江苏润和软件股份有限公司,1,6,12.5,1,4,2,0,3
169,神话科技传媒（深圳）有限公司上海分公司,1,3,20.0,1,5,2,2,0
170,成都艾乐橙文化传播有限公司,1,4,18.0,1,5,1,4,6
171,成都市千朔家具有限公司,1,3,9.0,1,1,1,20,0
172,兰亭集势,4,5,17.5,1,5,2,3,0
173,成都我行我数科技有限公司,5,2,15.0,1,4,2,1,0
174,成都芯软科技股份公司,4,2,17.5,1,5,2,2,5
175,成都木老仁康软件信息有限公司,1,1,7.0,1,4,2,1,4
176,四川知音元集团有限公司,1,3,11.0,1,4,1,1,4
177,成都慧能信息技术有限公司,1,2,12.5,1,3,2,2,2
178,西藏科玛奇信息科技股份有限公司,1,2,7.5,1,2,2,3,7
179,成都贰月科技有限公司,1,2,16.0,1,4,1,0,4
180,成都睿云物联科技有限公司,6,2,15.5,1,4,1,6,8
181,成都维立方科技有限公司,1,1,7.0,0,0,0,0,9
182,成都微鑫通时代科技有限公司,1,2,8.0,0,0,0,0,8
183,北京国商逸品文化传媒有限公司,1,2,9.0,2,7,1,5,0
184,重庆新钶电子有限公司,8,3,2.5,1,7,2,2,7
185,成都迈思信息技术有限公司,1,3,15.0,1,5,1,2,3
186,四川西盾科技有限公司,1,2,3.0,1,7,2,4,3
187,成都市世纪康盛源咨询管理有限公司,1,2,9.0,1,4,1,1,4
188,成都华跃科技有限公司,1,2,8.0,1,1,2,2,4
189,上海柯林布瑞信息技术有限公司,1,3,15.0,1,5,2,1,8
190,成都松强科技技术有限公司,1,3,7.0,1,1,4,0,0
191,北京极客通慧科技有限公司,1,2,9.0,2,7,1,5,10
192,成都格物通信息技术有限公司,1,1,8.0,1,2,2,1,10
193,云南南天电子信息产业股份有限公司成都分公司,4,5,9.0,1,2,2,3,0
194,维度金融外包服务（苏州）有限公司,1,5,7.0,1,3,2,1,4
195,广州汇思信息科技有限公司,1,3,8.0,1,3,2,2,0
196,东华软件股份公司,4,5,6.5,1,1,2,3,3
197,北京宽连十方数字技术有限公司,1,3,12.5,2,5,2,0,6
198,成都激水信息技术有限公司,1,3,20.0,1,5,2,3,2
199,上海华腾软件系统有限公司,4,4,12.5,1,4,2,3,7
200,上海新炬网络信息技术股份有限公司,1,5,12.5,1,3,1,0,5
201,成都维音信息技术有限公司,3,5,12.5,1,4,2,1,5
202,深圳市蓝凌软件股份有限公司,4,5,9.0,2,7,2,0,8
203,四川英海瑞特科技有限公司,1,2,20.0,1,5,2,2,5
204,银雁科技服务集团股份有限公司,1,6,9.0,1,2,2,3,7
205,安徽卓威通信科技有限公司,1,3,9.0,1,4,2,5,8
206,成都国铁电气设备有限公司,1,3,17.0,1,5,2,2,10
207,成都鑫博泰房地产开发有限公司,1,3,17.5,1,5,2,1,8
208,四川三田供应链管理有限公司,1,3,8.0,1,4,1,2,6
209,捷德（中国）科技有限公司,3,5,12.5,2,4,2,1,10
210,四川东山华盛企业管理有限公司,1,2,10.0,1,4,2,1,8
211,深圳市睿服科技有限公司,1,4,12.5,1,4,1,3,0
212,上海佩业信息科技有限公司,5,4,12.5,1,4,1,2,10
213,北京御芯微科技有限公司,1,2,12.5,1,4,2,0,9
214,四川久远银海软件股份有限公司,4,5,8.0,1,7,2,0,0
215,中软国际科技服务有限公司,5,6,12.5,1,4,2,0,6
216,深圳市讯方技术股份有限公司,1,5,10.0,1,3,2,2,2
217,创意信息技术股份有限公司,4,5,17.5,1,5,2,4,8
218,四川安亮科技有限公司,5,4,12.5,1,4,2,2,8
219,北京国研网信息有限公司,2,3,17.5,1,4,2,1,7
220,上海树维信息科技有限公司,1,3,5.25,1,2,2,2,5
221,上海聚龄信息技术有限公司,5,2,14.0,1,3,2,0,0
222,成都甲乙方程科技有限公司,1,1,8.0,1,4,2,0,3
223,四川创智联恒科技有限公司,4,3,20.0,1,5,2,1,5
224,成都亿盟恒信科技有限公司,1,2,12.5,1,4,1,0,10
225,成都蜀云物连科技有限公司,6,1,17.5,1,5,2,1,2
226,深圳市捷兴电子商务有限公司,1,3,28.0,1,3,1,2,0
227,深圳市康士柏实业有限公司,1,3,12.0,1,4,2,3,5
228,福建国科信息科技有限公司,1,3,10.0,1,4,3,1,0
229,成都汇码科技有限公司,1,2,10.0,1,4,2,8,2
230,成都运达科技股份有限公司,4,4,12.5,1,4,2,1,6
231,成都森川科技股份有限公司,1,2,17.5,0,0,0,0,6
232,成都优信创展信息技术有限公司,1,4,7.5,1,2,2,1,5
233,四川文轩在线电子商务有限公司,2,3,7.0,1,5,2,2,7
234,四川曙光集团,1,3,8.0,1,4,1,5,7
235,深圳市网新新思软件有限公司,1,5,11.5,1,5,1,5,0
236,南京普惠恒丰信息科技有限公司,1,2,6.75,1,2,2,2,7
237,成都创兴卓越科技有限公司,1,1,7.0,1,3,2,2,5
238,四川星海系统集成工程有限公司,1,2,12.5,1,5,2,1,2
239,益企云科技股份有限公司,1,2,11.0,1,4,2,0,5
240,广州帝隆科技股份有限公司,4,3,15.0,1,5,1,2,8
241,成都众易通科技有限公司,1,3,8.0,1,4,1,2,8
242,北京卓信智恒数据科技股份有限公司,4,3,8.0,1,4,1,2,7
243,四川锦欣生殖医疗投资管理有限公司,1,2,20.8333,1,4,2,2,3
244,深圳开普乐信息服务有限公司,1,2,8.0,1,4,2,1,8
245,四川众信互联科技有限公司,5,1,9.0,1,4,2,0,0
246,北京直真科技股份有限公司,4,4,0.45,1,7,2,1,6
247,上海移柯通信技术股份有限公司,4,4,16.5,1,5,2,1,2
248,北京信华瀚科技有限公司,5,3,6.25,1,1,1,5,5
249,成都卓远信息技术有限公司,1,2,10.0,1,3,2,2,4
250,北京先进数通信息技术股份公司,4,5,12.5,1,4,2,1,5
251,广州优路加信息科技有限公司,1,3,8.0,1,3,2,4,8
252,成都星际港湾科技有限公司,1,3,12.5,1,4,2,5,10
253,四川中科智杰科技有限公司,1,1,7.5,1,3,2,3,0
254,广东华际友天信息科技有限公司,1,2,7.0,1,3,2,1,4
255,中通服创立信息科技有限责任公司,2,4,12.5,1,5,2,2,10
256,成都首尚简乐科技有限公司,1,2,7.5,1,7,2,5,5
257,康德曼（北京）互联网技术有限公司,1,2,17.5,1,2,2,2,8
258,成都德锋创享科技有限公司,1,2,5.25,1,7,1,10,0
259,南京欣网通信科技股份有限公司,1,5,9.5,1,3,2,2,4
260,北京中长石基信息技术股份有限公司,4,5,10.5,1,3,2,1,3
261,北京深蓝海域信息科技有限公司,1,2,11.0,1,3,1,2,6
262,成都佳发安泰教育科技股份有限公司,4,4,10.0,0,0,0,0,3
263,南京臻信网络科技有限公司,1,2,12.5,1,3,2,3,3
264,广东中能供应信息科技有限公司,1,2,8.0,1,3,2,1,5
265,北京摩卡软件有限公司,8,4,9.0,1,4,2,4,6
266,音泰思计算机技术（成都）有限公司,5,3,15.0,1,4,2,1,7
267,电信科学技术第五研究所有限公司,2,3,11.0,1,3,2,5,10
268,南宁市迈越软件有限责任公司,1,3,17.5,1,4,1,1,10
269,四川格瑞特科技有限公司,1,2,10.0,1,4,2,0,10
270,成都瀚德科技有限公司,1,2,12.5,1,5,2,1,6
271,深圳市海博智业管理咨询有限公司成都分公司,1,2,9.5,1,4,2,1,8
272,汉思信息技术有限公司,1,2,6.5,1,1,2,5,6
273,中电福富信息科技有限公司,2,5,10.5,1,3,2,1,4
274,成都明途科技有限公司,1,3,7.5,1,4,1,1,5
275,大连同方软银科技股份有限公司,4,4,10.5,2,3,2,15,8
276,四川医信教育咨询有限责任公司,1,3,11.5,1,5,2,1,6
277,浙江云融创新科技有限公司,1,3,20.0,1,5,2,0,8
278,艾普工华科技（武汉）有限公司,1,3,9.0,1,2,2,5,4
279,成都楷码信息技术有限公司,8,2,7.5,1,3,1,5,5
280,四川华夏万卷文化传媒股份有限公司,1,3,13.5,1,4,2,2,8
281,倍施特科技股份有限公司,1,3,14.0,1,4,1,1,7
282,成都鸿业远图科技有限公司,1,1,11.5,1,4,2,0,8
283,成都超网实业有限公司,1,2,18.5,1,3,2,5,8
284,成都卓越万车达汽车服务有限公司,1,5,11.0,1,4,2,1,7
285,深圳市优讯通信息技术有限公司,1,2,12.5,1,4,2,5,0
286,深圳市拓保软件有限公司,1,4,9.0,1,4,2,1,0
287,北京思诺博信息技术有限公司,5,3,12.5,1,4,2,4,6
288,大连华钦软件技术有限公司,1,0,15.0,1,4,2,10,3
289,广东德生科技股份有限公司,4,5,5.0,1,7,2,0,3
290,上海拓云信息科技有限公司,1,1,11.5,1,3,2,3,4
291,四川奥诚科技有限责任公司,1,2,12.5,1,4,2,2,10
292,宇博信诚（北京）信息技术有限公司,8,3,12.0,1,4,2,0,4
293,北京汉克时代科技有限公司,1,5,17.5,1,4,1,5,10
294,普华永道商务服务（成都）有限公司,8,5,16.0,1,4,1,1,4
295,可心可晴（成都）科技有限公司,5,1,27.5,1,5,2,1,0
296,中国邮政储蓄银行股份有限公司,2,6,0.0,1,4,2,0,4
297,西安华谊兄弟影视文化传播有限公司,1,3,12.5,1,1,1,8,0
298,四川仁来仁网智能科技有限公司,1,1,13.5,1,4,1,1,7
299,中讯志远（武汉）科技有限公司,1,2,9.0,1,4,2,0,2
300,丹秋教育集团（名师堂学校）,1,5,17.0,1,5,2,1,4
301,丹秋教育集团（名师堂学校）,1,5,17.0,1,5,2,1,4
302,中智智人信息技术有限公司,2,3,20.8333,1,5,1,2,8
303,成都上鑫网络科技有限公司,1,3,5.25,0,0,0,0,10
304,深圳市朗驰欣创科技股份有限公司成都分公司,1,3,18.5,1,4,2,1,10
305,成都中科慧源科技有限公司,1,3,22.5,1,7,2,2,0
306,成都易设界科技有限公司,1,1,3.75,1,2,1,2,10
307,上海泛微网络科技股份有限公司,4,6,14.0,1,4,2,2,7
308,成都京成北智能科技有限责任公司,1,0,5.25,1,1,1,9,6
309,成都育碧电脑软件有限公司,3,3,17.5,1,5,2,1,10
310,格尔软件股份有限公司,4,3,15.0,1,4,2,1,4
311,成都科创智远信息技术有限公司,1,2,8.0,1,4,2,1,8
312,成都厚立信息技术有限公司,1,1,13.5,1,4,1,3,7
313,成都市秀域健康管理有限公司,1,6,10.0,1,4,1,1,6
314,杭州潮流信息技术有限公司成都分公司,1,2,11.5,1,4,2,5,1
315,郑州一迅软件科技有限公司,1,2,11.5,1,4,1,3,2
316,成都道生万物大数据科技有限责任公司,1,0,7.0,0,0,0,0,0
317,广州天维信息技术股份有限公司,4,4,8.0,1,3,2,1,9
318,深圳千域时代科技有限公司,1,1,17.5,2,5,1,20,0
319,成都汉度科技有限公司,1,2,9.5,1,3,2,1,7
320,中数通信息有限公司,2,5,9.0,1,4,2,2,6
321,北京华信杰通科技有限公司,1,5,9.0,1,3,2,10,10
322,讯美科技股份有限公司,4,3,17.5,1,5,2,1,6
323,成都瑞特数字科技有限责任公司,1,1,7.5,1,1,2,0,6
324,新东网科技有限公司,1,4,9.5,1,4,1,0,8
325,上海纳诺商务咨询有限公司,1,2,7.25,1,4,1,5,0
326,神州数码索贝科技有限公司,1,2,17.5,1,5,2,1,9
327,通威股份有限公司,4,6,14.0,1,5,2,3,10
328,四川众合智控科技有限公司,1,3,13.0,1,4,2,2,6
329,钜亿科技（深圳）有限公司,8,3,12.5,1,4,2,0,6
330,江苏谷科软件有限公司,1,3,12.5,1,4,2,1,3
331,湖北一片语科技有限公司,1,1,26.0,0,0,0,0,4
332,中移物联网有限公司,2,5,10.0,1,3,2,0,4
333,神州数码信息服务股份有限公司,4,6,12.5,1,4,2,1,0
334,平安科技（深圳）有限公司,1,5,22.5,1,3,2,1,4
335,新华三技术有限公司,5,6,20.0,1,4,2,0,8
336,亚信科技PRD,1,6,15.0,1,4,2,1,0
337,亚信科技CMC,5,6,7.0,1,2,2,4,7
338,亚信科技（成都）有限公司,3,3,20.0,1,3,2,4,0
339,人瑞人才科技集团有限公司,1,0,10.0,1,2,1,8,6
340,广州市南方人力资源评价中心有限公司成都分公司,2,2,7.0,1,3,2,1,0
341,成都职工投资集团有限公司,2,2,20.0,1,6,2,1,5
342,北京三维天地科技股份有限公司成都分公司,1,4,11.5,1,4,2,3,8
343,成都智胜三维应用技术有限责任公司,1,1,10.0,1,3,1,2,4
344,上海天源迪科信息技术有限公司,1,2,9.0,1,3,2,1,7
345,新希望乳业股份有限公司,4,6,12.0,1,4,2,10,8
346,京北方信息技术股份有限公司成都分公司,1,4,12.5,1,3,2,5,6
347,上海梦创双杨数据科技股份有限公司,1,5,20.0,1,3,2,20,4
348,成都格理特电子技术有限公司,1,2,12.5,1,5,2,1,4
349,成都数联铭品科技有限公司,1,4,12.5,1,4,2,1,5
350,成都建国汽车贸易有限公司,1,6,10.0,1,4,2,1,8
351,上海安托信息技术有限公司,1,3,12.5,1,4,2,4,10
352,四川效率源信息安全技术股份有限公司,1,3,11.5,1,3,2,1,6
353,成都喜乐途科技有限公司,1,4,12.5,1,4,2,2,3
354,成都天府通金融服务股份有限公司,2,3,16.6667,1,5,2,0,0
355,上海佩琪信息技术有限公司,5,3,9.5,1,3,2,7,8
356,紫光云数科技有限公司,5,5,9.0,1,2,2,0,9
357,四川虹信软件股份有限公司,2,3,17.5,1,5,2,1,8
358,北京世纪超星信息技术发展有限责任公司,1,5,22.5,1,4,2,5,5
359,成都杰创普信信息技术有限公司,1,2,12.5,1,4,1,2,9
360,成都科锐特汽车科技有限公司,1,2,9.0,1,2,2,2,5
361,成都智慧数联信息技术有限公司,1,2,10.5,1,4,2,3,0
362,上海华讯网络系统有限公司,2,5,14.5,1,4,2,0,7
363,广州夏晖物流有限公司成都分公司,3,1,0.0,1,3,2,0,9
364,四川君逸数码科技股份有限公司,4,3,8.5,1,4,2,2,5
365,四川一叶翩舟科技有限公司,1,2,12.5,1,5,2,1,9
366,迈克生物股份有限公司,4,5,12.0,1,2,2,2,7
367,杭州永谐科技有限公司,1,3,15.0,1,3,2,2,0
368,成都大数汇聚科技有限公司,1,2,12.0,1,4,1,0,7
369,新希望六和股份有限公司,4,6,15.0,1,5,2,1,0
370,成都联成科大信息技术有限责任公司,1,2,14.5833,1,5,1,3,9
371,成都数博视科技有限公司,1,1,12.5,1,3,2,3,9
372,四川金投科技股份有限公司,1,3,9.0,1,4,2,1,6
373,天维尔信息科技股份有限公司,1,3,15.0,1,5,1,2,7
374,厦门狄耐克智能科技股份有限公司,5,4,6.5,2,7,2,3,1
375,中江联合（北京）科技有限公司,1,2,11.5,1,4,1,3,4
376,杭州海康威视数字技术股份有限公司,4,6,12.5,1,3,2,3,0
377,哈工大大数据集团四川公司,2,2,11.5,1,4,2,0,5
378,成都智菲科技有限公司,1,2,20.0,1,5,2,1,5
379,华院分析技术（上海）有限公司,5,3,12.5,1,4,2,1,0
380,成都欣垒睿享科技有限公司,1,3,7.0,1,1,1,1,0
381,成都中得文化科技有限责任公司,1,2,11.0,1,4,2,2,3
382,成都圭目机器人有限公司,1,2,10.0,1,2,2,1,9
383,成都莎瑞科技有限公司,1,3,7.0,1,1,1,2,7
384,四川惠宜康科技有限公司,5,2,15.0,1,5,2,1,7
385,成都数联易康科技有限公司,1,2,8.5,1,4,1,0,7
386,成都考拉悠然科技有限公司,5,2,16.0,1,5,2,0,10
387,成都中网易企秀科技有限公司,6,3,16.5,1,4,2,2,9
388,成都灵猴网络科技有限公司,1,2,6.5,1,3,2,5,6
389,上海才扬软件科技有限公司,1,3,10.5,1,4,1,0,6
390,IMG泡米文化科技,1,2,15.0,1,4,1,0,5
391,四川亨通网智科技有限公司,1,2,7.0,1,7,2,2,5
392,成都鑫豪斯电子探测技术有限公司,1,4,11.5,1,4,1,2,7
393,四川坤德智联科技有限公司,1,3,12.5,1,4,2,1,6
394,成都电科智联科技有限公司,1,1,12.5,1,4,2,5,7
395,中智成都签证服务有限公司,2,3,16.5,1,5,2,5,1
396,江苏东华测试技术股份有限公司,4,3,11.0,1,3,2,1,9
397,四川御顺金融外包服务有限公司,1,4,12.5,1,4,2,2,8
398,四川凯普顿农业发展有限公司,1,1,9.0,1,3,1,3,6
399,四川小土环境集团有限公司,1,2,17.5,1,5,2,1,8
400,昆明华龙智腾科技股份有限公司,4,3,8.5,1,2,1,2,6
401,天津光电通信技术有限公司,2,5,12.5,1,3,2,10,0
402,南京创致优信息科技有限公司,1,2,6.5,2,3,2,5,0
403,上海肯耐珂萨人力资源科技股份有限公司,1,4,20.0,1,4,2,3,6
404,成都塔斯克信息技术有限公司,1,2,14.0,1,4,2,5,0
405,成都通甲优博科技有限责任公司,1,2,14.5833,1,5,2,5,6
406,北京景行锐创软件有限公司,1,2,9.5,1,4,2,0,0
407,四川坤贝网络科技有限公司,1,2,3.75,0,0,0,0,10
408,北京中经惠众科技有限公司,6,2,25.0,2,6,2,4,8
409,四川熵熵科技有限公司,1,2,8.0,1,4,1,2,0
410,北京思特奇信息技术股份有限公司重庆分公司,4,5,7.5,2,7,2,0,10
411,上海帕利电子有限公司,1,2,12.5,1,4,2,0,4
412,民航成都电子技术有限责任公司,2,4,14.5833,1,1,2,2,10
413,竹间智能科技（上海）有限公司,3,3,22.5,1,5,2,0,4
414,山东中创软件工程股份有限公司,1,5,9.5,1,3,2,10,6
415,北京东土科技股份有限公司,4,4,20.0,1,4,2,4,7
416,掌起未来智能科技有限公司,1,2,12.5,1,5,2,2,0
417,浙江瑞华康源科技有限公司,1,3,12.5,1,4,2,5,0
418,成都信新数码科技有限公司,1,2,7.0,2,3,2,2,0
419,北京北方新宇信息技术有限公司,4,5,14.0,1,5,2,0,7
420,易初明通工程机械（总部）,8,5,11.0,1,4,2,1,6
421,特力惠信息科技股份有限公司,1,5,11.0,1,4,2,2,7
422,四川省善美文化传媒有限公司,1,3,7.0,1,2,2,2,9
423,四川成享软件股份有限公司,1,2,3.75,1,7,2,0,0
424,成都希盟泰克科技发展有限公司,1,2,7.5,2,2,2,8,10
425,四川爱辉科技有限公司,1,2,7.5,1,3,2,2,7
426,成都九州鱼乐科技有限公司,6,2,10.0,1,3,1,1,8
427,成都安琪儿医疗控股有限公司,5,5,9.5,1,4,2,5,7
428,四川三德信息技术有限责任公司,1,1,9.0,1,3,2,1,6
429,成都四海万联科技有限公司,6,2,11.5,1,4,2,5,7
430,东莞市糖酒集团美宜佳便利店有限公司,1,5,17.5,1,4,2,5,6
431,广州赛意信息科技股份有限公司,4,5,7.5,1,7,2,100,0
432,武汉观铭鑫科技有限公司,1,1,9.0,1,3,2,2,9
433,金证财富南京科技有限公司,1,4,12.5,1,4,2,5,6
434,成都主导科技有限责任公司,1,4,20.0,1,5,2,1,7
435,深圳达实智能股份有限公司,4,5,12.0,1,4,2,6,5
436,四川三维系统工程有限责任公司,1,1,8.5,1,3,1,5,1
437,成都三泰智能科技有限公司,1,4,12.5,1,2,2,1,10
438,上海云辰信息科技有限公司,1,3,9.0,1,2,1,1,5
439,小土集团,1,4,10.0,1,4,1,1,5
440,新电信息科技（成都）有限公司,8,4,0.0,1,5,2,0,7
441,电子科大科园股份有限公司,1,3,7.0,1,3,2,0,5
442,四川省酒业集团有限责任公司,2,4,11.5,1,4,2,1,5
443,成都骏轩科技有限公司,1,1,7.0,0,0,0,0,10
444,诺睿信息,1,2,12.5,1,4,2,2,0
445,深圳市锐明技术股份有限公司,4,5,14.0,2,7,2,11,7
446,成都秦川物联网科技股份有限公司,4,4,11.0,1,4,2,3,6
447,四川博奥环保科技有限公司,1,2,12.5,1,4,2,2,4
448,成都恒道智融信息技术有限公司,1,1,10.0,1,4,1,1,5
449,成都瑞达科讯科技有限公司,1,2,9.5,1,4,1,4,7
450,京北方信息技术股份有限公司,1,6,12.5,1,4,2,3,6
451,成都科来网络技术有限公司,1,4,16.0,1,5,2,5,6
452,四川川大智胜系统集成有限公司,1,3,8.5,1,3,2,3,7
453,深圳融科科技有限公司,1,3,9.0,1,3,1,0,5
454,大连滋德商务咨询有限公司,1,1,32.5,2,2,1,10,0
455,武汉佰钧成技术有限责任公司,1,6,17.5,1,5,2,5,5
456,四川省唯品富邦消费金融(筹),1,1,0.0,1,5,2,0,0
457,四川国软科技发展有限责任公司,1,3,10.5,1,3,2,1,5
458,北京市商汤科技开发有限公司,1,5,30.0,1,4,2,5,0
459,四川政华立信软件有限公司,1,2,9.0,1,4,1,5,7
460,畅加科技有限公司,1,1,7.5,1,3,1,5,6
461,四川正采云信息技术服务有限公司,1,1,17.5,1,5,2,2,2
462,四川省巴蜀危险品运输有限公司,1,4,13.0,1,4,1,5,6
463,成都医美之都信息科技有限公司,1,2,15.0,1,4,1,2,8
464,成都威而信实业有限公司,1,1,9.0,1,4,1,0,3
465,瞬联软件科技（北京）有限公司 CIeNET Technologies,3,5,15.0,1,5,2,0,6
466,四川利菲普斯科技有限公司,5,1,20.0,1,4,2,0,0
467,麦田春雪科贸（北京）有限公司,1,2,35.0,1,5,2,3,4
468,四川千禧神马科技集团有限公司,1,5,19.0,1,5,2,1,0
469,启迪国信科技有限公司,2,4,9.0,1,3,2,1,5
470,北京世联互动网络有限公司成都分公司,8,3,15.5,1,4,2,0,0
471,成都数聚城堡科技有限公司,1,2,15.0,1,4,2,2,7
472,成都智审数据有限公司,1,2,15.0,1,6,2,2,6
473,成都福瑞空天科技有限公司,2,1,14.0,1,4,3,1,9
474,恒银金融科技股份有限公司,4,5,12.0,1,5,2,0,9
475,徽通金融服务外包有限公司,1,3,15.0,1,4,2,1,8
476,上海平欣电子科技有限公司,1,3,7.5,1,2,2,3,7
477,成都中环科创科技有限公司,1,1,11.1667,1,5,1,1,7
478,深圳市优博讯科技股份有限公司,1,4,9.0,1,2,2,2,6
479,成都国星宇航科技有限公司,1,2,20.0,2,4,2,1,6
480,安徽宝葫芦信息科技集团股份有限公司,1,3,10.5,1,4,2,1,4
481,北京中富金石咨询有限公司四川分公司,1,3,12.5,1,4,2,4,6
482,上海汉得信息技术股份有限公司,4,6,9.0,2,2,2,5,6
483,四川普鑫物流自动化设备工程有限公司,1,2,9.5,1,2,1,2,9
484,港融科技有限公司,4,5,21.5,1,5,2,2,5
485,马上消费金融股份有限公司,5,5,12.5,2,7,2,15,0
486,成都兴政电子政务运营服务有限公司,1,2,6.25,1,2,2,0,0
487,四川久远国基科技有限公司,2,3,9.0,2,3,2,6,0
488,普元软件有限公司,1,4,3.75,1,7,2,1,5
489,四川华南信息产业股份有限公司,1,3,8.0,1,4,2,1,2
490,四川九洲北斗导航与位置服务有限公司,2,3,13.0,1,5,2,4,8
491,成都百德邮政专用设备制造有限公司,1,3,12.5,1,2,2,2,0
492,富士康科技集团成都科技园,8,6,7.0,1,4,1,3,7
493,成都泰盟软件有限公司,1,3,9.0,1,4,2,3,10
494,成都戎星科技有限公司,1,2,9.0,1,4,1,5,8
495,上海讯锡信息科技有限公司,1,4,16.5,1,5,2,1,0
496,杭州东信北邮信息技术有限公司,2,4,7.5,1,7,2,5,2
497,四川长征车业集团有限公司,1,5,12.0,0,0,0,0,0
498,维度金融外包服务（苏州）有限公司,4,6,7.0,1,5,2,1,7
499,成都酷亿科技有限公司,1,1,12.5,1,4,1,2,7
500,四川讯视科技有限公司,1,1,12.5,1,3,2,3,6
501,苏州种梦客网络科技有限公司,1,1,15.0,1,5,1,2,2
502,竞技世界（成都）网络技术有限公司,1,5,25.0,1,4,2,1,7
503,四川语言桥信息技术有限公司,1,4,10.5,1,4,2,2,5
504,成都迈瑞企业管理咨询有限公司,1,2,17.5,1,5,2,0,10
505,成都亿铭睿辰科技有限公司,1,2,20.0,1,4,2,1,0
506,成都海德在线教育科技有限公司,1,2,16.0,1,5,1,2,7
507,成都安世亚太科技有限公司,1,2,14.5833,1,4,2,1,10
508,重庆软维科技有限公司,1,3,9.0,1,3,2,0,0
509,四川中科数微科技有限公司,1,1,8.5,1,4,2,10,0
510,中智商展（北京）国际会议展览股份公司,4,3,12.5,1,4,1,1,9
511,南京市艾瑞职业培训学校,1,1,17.5,1,5,1,2,7
512,四川美康医药软件研究开发有限公司,1,3,8.0,1,2,2,2,7
513,成都唛哆科技有限公司,1,1,20.0,1,6,1,1,4
514,迈普通信技术股份有限公司,2,5,12.5,1,4,2,0,6
515,成都艾普思商务信息咨询有限公司,1,1,2.5,1,7,2,0,0
516,中信国安建工集团有限公司,2,4,8.0,1,3,2,4,5
517,成都华泰互联科技有限公司,1,1,12.5,1,5,2,1,0
518,四川新能智创科技有限公司,1,2,6.5,1,2,2,0,6
519,万达信息股份有限公司,4,5,17.5,1,5,2,0,0
520,北京杰智融软件有限公司,1,3,13.0,1,4,2,4,5
521,四川肆和顺业科技有限公司,1,1,12.5,1,4,1,1,0
522,四川君诚互动科技有限公司,1,2,8.0,1,4,1,4,7
523,四川快眼迈步传媒科技有限公司,1,2,12.5,1,4,2,2,0
524,四川晟唐供应链管理有限公司,1,2,0.9,1,4,1,0,0
525,成都卡莱博尔信息技术股份有限公司,1,2,9.5,1,4,2,2,0
526,北京致远互联软件股份有限公司,4,5,10.0,1,4,2,1,7
527,东华医为科技有限公司,1,5,8.5,1,2,2,0,8
528,成都工物科云科技有限公司,1,1,10.0,1,4,2,2,0
529,成都卫士通信息产业股份有限公司,4,5,15.0,1,5,2,5,9
530,四川雅达尔科技有限公司,1,1,10.5,1,4,2,3,6
531,北京数影互联科技有限公司,1,1,11.5,1,4,1,3,5
532,四川通航达贸易有限公司,1,1,20.0,1,6,2,1,9
533,成都诚骏科技有限公司,1,2,7.0,1,4,2,3,9
534,成都上品集创广告策划有限公司,1,2,17.5,1,5,2,5,6
535,亚创（上海）工程技术有限公司,3,6,17.5,1,5,2,1,0
536,北京青牛技术股份有限公司,3,4,9.5,1,7,2,0,5
537,电子科大科园股份有限公司,1,3,5.25,1,3,2,0,5
538,成都摩宝网络科技有限公司,1,2,10.5,1,4,1,2,7
539,上海携银信息科技有限公司,1,3,12.5,1,4,2,5,6
540,成都中诚竣捷科技有限公司,1,2,20.8333,1,5,2,1,2
541,成都途盛科技有限公司,1,2,5.0,1,7,2,2,2
542,成都捌零科技有限公司,6,1,16.0,1,4,1,3,6
543,成都极米科技股份有限公司,1,5,11.5,1,4,2,1,8
544,三盟科技股份有限公司,4,4,14.5,1,4,2,2,5
545,北京兆信信息技术股份有限公司,1,3,25.0,1,6,2,1,6
546,成都安舟信息技术有限公司,1,2,12.0,1,4,2,2,6
547,成都大农科技有限公司,1,3,25.0,1,6,2,1,5
548,四川易新云通科技有限公司,1,1,8.5,1,3,1,2,4
549,四川逐宏科技有限公司,1,2,9.5,1,4,1,6,6
550,北京乐可威信息技术有限公司,1,2,13.5,1,5,1,1,0
551,成都麦柯系统集成有限公司,1,2,8.5,1,2,2,3,7
552,成都国翔科技有限公司,1,1,7.0,1,3,1,1,5
553,广州华钧软件科技有限公司,1,2,25.0,1,4,1,10,0
554,成都华西公用医疗信息服务有限公司,1,3,11.5,1,4,2,1,6
555,上海希尔企业管理咨询股份有限公司,1,1,6.5,1,2,2,1,7
556,上海数慧系统技术有限公司,1,3,12.5,1,2,2,0,7
557,满帮集团,1,5,20.8333,2,7,2,28,0
558,成都优游信息技术有限公司,1,1,17.5,1,5,1,5,6
559,成都深思科技有限公司,2,3,14.0,1,5,2,2,10
560,武汉软帝联合科技有限公司,1,3,17.5,1,5,1,3,5
561,成都敏途科技有限公司,1,1,11.5,1,3,2,1,4
562,四川新千里展示有限公司,1,5,11.5,1,4,2,1,9
563,成都恒图教育咨询有限公司,1,1,0.9,1,4,1,3,6
564,成都愚创科技有限公司,1,2,12.5,1,3,2,6,1
565,南京绛门信息科技股份有限公司,4,5,8.5,0,0,0,0,2
566,四川省永忠工程管理有限公司,1,3,9.0,1,4,1,1,5
567,四川杏林医药连锁有限责任公司,1,5,14.0,1,4,1,1,4
568,四川纷领信息技术有限公司,1,3,8.0,1,2,1,3,4
569,深圳市达铭丰科技有限公司,1,4,30.0,1,4,1,2,0
570,四川杰斯顿电气设备有限公司,1,2,10.0,1,4,2,1,6
571,西安绿创电子科技有限公司,1,2,6.75,0,0,0,0,5
572,北京超图软件股份有限公司,4,5,7.5,1,2,2,2,4
573,福州蓝胖子企业管理有限公司,1,3,11.0,1,2,1,10,5
574,卓望数码技术（深圳）有限公司,5,5,15.0,1,5,2,1,9
575,四川成都软件技术专修学院,1,3,7.5,1,4,2,2,8
576,国信蓝桥教育科技（北京）股份有限公司,1,3,12.5,1,4,2,10,8
577,凯思联创（成都）软件技术有限公司,1,2,8.0,1,3,1,3,6
578,成都卓程科技有限公司,1,1,13.0,1,5,2,10,7
579,北京神州泰岳软件股份有限公司,4,5,12.5,1,5,1,1,0
580,亚摩信息技术（上海）有限公司,8,2,19.0,1,5,1,5,5
581,叠拓信息技术(北京)有限公司成都分公司,3,6,13.0,1,4,2,0,7
582,德阳科贸职业学院,7,3,5.25,2,2,3,4,7
583,成都珂芙故荟科技有限公司,1,2,3.75,0,0,0,0,10
584,中国电科第二十九研究所-中星世通公司,2,3,14.5833,1,3,2,2,6
585,深圳市紫川软件有限公司,1,4,13.5,0,0,0,0,3
586,四川联坤信息工程有限公司,1,2,9.0,1,4,2,0,10
587,成都市青羊区新航道英语培训学校,3,3,7.0,1,2,1,1,5
588,成都思安博信息技术有限公司,1,1,10.0,1,4,2,1,0
589,四川金星清洁能源装备股份有限公司,5,4,7.5,1,3,1,2,5
590,成都天用唯勤科技股份有限公司,1,3,9.0,1,3,1,5,9
591,云和恩墨（北京）信息技术有限公司,1,4,11.0,1,4,2,3,0
592,成都博高信息技术股份有限公司,4,3,15.0,1,4,2,2,4
593,成都昊普环保技术有限公司,1,2,11.5,1,4,2,4,4
594,成都信通网易医疗科技发展有限公司,1,3,14.0,1,4,2,50,5
595,四川超影科技有限公司,1,1,17.5,1,5,2,1,10
596,广州海格通信集团股份有限公司,2,6,11.0,1,4,2,1,10
597,国久大数据股份有限公司,2,2,11.6667,1,4,2,0,9
598,华体科技,4,4,12.5,1,4,2,2,5
599,四川长虹佳华信息产品有限责任公司,2,5,9.0,1,3,1,1,6
600,成都望子成龙学校,1,5,7.5,1,2,1,3,6
601,中国软件与技术服务股份有限公司,4,6,5.25,1,7,2,2,4
602,北京海天起点技术服务股份有限公司,1,3,15.0,1,5,2,0,5
603,普联技术有限公司（TP-LINK),1,6,18.0,0,0,0,0,5
604,成都智邦科技有限公司,1,2,15.0,1,4,1,2,4
605,四川省瑞人网络科技有限公司,1,2,14.0,1,5,2,1,5
606,成都登辉科技有限公司,1,2,8.0,1,4,2,2,5
607,亚信科技（中国）有限公司,3,0,0.0,0,0,0,0,0
608,四川中唯交通科技有限公司,1,2,12.5,1,3,1,3,6
609,成都博新优创科技有限公司,1,2,9.0,1,4,1,2,0
610,博威铭物联网科技（成都）有限公司,1,2,5.5,1,2,1,1,4
611,北京网中软件科技有限公司,1,3,16.0,1,5,2,10,0
612,欧冶云商股份有限公司,2,5,13.0,1,4,2,2,0
613,深圳极联信息技术股份有限公司,1,4,17.5,1,5,1,1,8
614,北京龙软科技股份有限公司,4,3,6.5,1,2,2,3,6
615,四川量子云商科技有限公司,1,3,10.0,1,3,1,4,10
616,伊厦成都国际商贸城股份有限公司,1,5,12.5,1,4,1,1,7
617,成都海天鸿实业发展有限公司,1,1,12.5,1,4,2,2,1
618,深圳市紫金支点技术股份有限公司,1,5,8.0,1,2,2,2,6
619,四川北斗智慧物联科技有限公司,1,1,21.5,1,5,2,1,5
620,深圳市软筑信息技术有限公司,1,3,12.5,1,4,1,2,4
621,游族网络,4,5,20.0,1,5,2,0,7
622,成都华镭科技有限公司,1,2,9.0,1,3,2,1,8
623,四川傲势科技有限公司,1,3,10.5,1,4,2,1,8
624,现代金融控股（成都）有限公司,1,3,11.5,1,3,1,2,8
625,成都达内英才添翼科技有限公司,4,5,10.0,1,2,2,1,9
626,北京小鱼易连科技有限公司,5,3,10.5,1,7,2,20,7
627,北京神州宏图科技有限公司,1,3,7.0,1,2,2,2,3
628,重庆能工科技发展有限公司,1,2,12.5,1,3,1,2,2
629,成都熙越科技有限公司,1,1,8.5,1,4,1,1,5
630,上海易宝软件有限公司,1,5,12.0,1,3,2,10,6
631,大连东软思维科技发展有限公司,1,5,9.0,1,2,2,3,1
632,深圳市置辰海信科技有限公司四川分公司,1,1,9.0,1,4,2,1,4
633,四川吉联科技有限公司,1,2,10.0,1,5,2,2,4
634,四川鲁斑网络科技有限公司,1,2,12.5,1,3,2,2,5
635,上海通办信息服务有限公司,1,3,10.5,1,4,1,0,8
636,成都十万光年科技有限公司,8,2,16.0,1,4,1,2,0
637,四川旅鸽科技有限公司,1,3,15.0,1,5,1,5,5
638,成都盯潮科技有限公司,1,1,12.5,1,4,2,1,5
639,深圳市中钞信达金融科技有限公司,2,3,11.5,1,2,2,0,5
640,四川东鹏智业科技有限公司,1,1,12.5,1,4,2,0,6
641,北京开科唯识技术有限公司,5,5,9.0,1,2,2,0,0
642,四川澳沙科技有限公司,1,2,4.5,1,7,2,5,7
643,南京迈特望科技股份有限公司,4,5,9.0,0,0,0,0,0
644,成都博彦软件技术有限公司深圳分公司,1,6,12.5,1,5,1,5,1
645,成都信达智胜科技有限公司,1,1,12.5,1,4,1,1,6
646,四川神龟科技有限公司,6,2,10.0,1,5,2,1,5
647,鑫盈源控股集团有限公司,1,2,17.5,1,5,2,1,5
648,彩讯科技股份有限公司,4,5,10.5,1,4,2,1,4
649,成都远望科技有限责任公司,1,1,16.5,1,4,2,1,8
650,上海商锦信息技术有限公司,1,2,10.5,1,4,2,5,5
651,成都唯特斯软件有限公司,1,1,11.0,1,3,2,3,3
652,四川润泽经伟信息技术有限公司,1,2,12.5,1,1,2,2,6
653,宝德融资租赁（上海）有限公司,1,5,15.0,1,4,2,0,4
654,成都与梦同行科技有限公司,1,4,11.5,1,4,1,5,0
655,成都南天佳信信息工程有限公司,1,3,17.0,1,5,2,0,4
656,成都盛世普益科技有限公司,1,2,7.0,1,3,2,0,5
657,南京国睿信维软件有限公司,2,3,10.5,1,4,2,1,8
658,贵州帮邻信息网络有限公司,1,2,17.5,1,5,1,1,0
659,北京华泰德丰技术有限公司,1,2,9.0,1,4,2,1,5
660,成都思腾数联信息技术有限公司,3,2,17.5,1,5,2,1,6
661,北京东方国信科技股份有限公司,4,6,4.0,1,7,2,10,4
662,深圳中科软科技信息系统有限公司,2,6,12.5,1,4,2,0,2
663,成都锐智互动网络科技有限公司,1,1,11.5,1,3,1,2,7
664,四川迪威消防设备制造有限公司,1,3,17.5,1,4,1,1,6
665,OPPO广东移动通信有限公司,5,6,22.5,2,4,2,2,6
666,熵基科技股份有限公司,1,5,7.0,1,2,1,2,6
667,成都云中钧川网络技术有限公司,1,1,10.0,1,4,2,5,3
668,四川九洲电器集团有限责任公司,2,6,12.5,1,3,2,1,9
669,成都宝沣科技有限公司,1,2,15.0,1,4,2,4,5
670,华润雪花啤酒（中国）有限公司,8,6,0.0,1,6,2,1,6
671,成都算力网络科技有限公司,1,3,17.5,1,4,1,2,10
672,成都积微物联集团股份有限公司,2,5,12.0,1,4,2,1,6
673,四川新启盟科技有限公司,1,1,9.0,1,4,1,0,9
674,北京大数元科技发展有限公司,1,3,11.5,1,3,2,1,5
675,成都斯达领科网络科技有限公司,1,3,10.5,1,4,2,3,0
676,中信网络科技股份有限公司,1,4,11.5,2,4,2,2,5
677,民航成都信息技术有限公司,2,2,14.5833,1,1,2,6,0
678,亚联集团,1,4,9.0,1,4,1,3,6
679,成都阿卡贝拉科技有限公司,1,1,17.5,1,5,2,1,7
680,国泰新点软件股份有限公司,1,6,13.0,1,2,2,1,8
681,四川瞭望环保科技有限公司,1,2,7.0,1,2,1,1,7
682,四川省瑞方人力资源管理有限公司,1,2,11.5,1,2,2,5,5
683,四川易家讯科科技有限公司,1,2,12.5,1,3,1,1,8
684,成都源代码教育咨询有限公司,1,2,17.5,1,4,2,1,8
685,华信咨询设计研究院有限公司,2,5,20.0,1,4,2,2,9
686,信息技术力量（成都）有限公司,8,2,12.5,1,5,2,1,2
687,星云飞救（成都）医疗科技股份有限公司,1,1,16.0,1,4,1,1,5
688,成都华亿合创科技有限公司,1,1,17.5,1,6,2,0,7
689,艾拉物联网络（深圳）有限公司,8,4,17.5,1,5,2,3,8
690,四川慧聚科创电子有限公司,1,1,7.0,1,3,1,1,0
691,中兴通讯股份有限公司,4,6,17.5,1,4,2,2,6
692,成都仁本新动科技有限公司,5,2,10.0,1,4,1,0,7
693,成都智达电力自动控制有限公司,1,2,17.0,1,5,2,1,7
694,郑州炬承信息技术有限公司,1,2,9.0,1,4,1,0,3
695,紫光云技术有限公司,1,4,20.0,1,5,2,3,4
696,成都同飞科技有限责任公司,1,2,9.0,1,3,1,2,10
697,北京正通科技有限公司,1,3,12.5,1,3,2,2,0
698,成都云客集科技有限公司,1,1,9.0,1,3,1,1,6
699,成都燃光科技有限公司,1,3,17.0,1,4,2,0,6
700,成都诺聚科技有限公司,1,3,27.5,1,4,1,2,0
701,杭州橙谷科技有限公司,1,2,10.0,1,4,2,2,6
702,中科院成都信息技术股份有限公司,2,3,27.5,1,5,2,0,0
703,上海润和信息技术服务有限公司,4,5,12.0,1,5,2,0,0
704,成都精位科技有限公司,1,2,10.0,1,4,1,1,4
705,宜宾新青年电子商务有限公司,1,2,17.5,1,4,2,1,7
706,福建网龙计算机网络信息技术有限公司,1,5,15.0,1,4,2,0,3
707,成都交大光芒科技股份有限公司,2,3,12.0,1,5,2,1,6
708,成都金雅图科技有限公司,1,2,7.5,1,4,2,2,7
709,成都思瑞奇信息产业有限公司,1,3,9.5,1,4,2,3,8
710,成都达梦科技有限公司,1,2,5.5,1,2,1,0,5
711,四川省红地科技有限责任公司,1,2,9.0,2,3,2,1,10
712,成都天奥集团有限公司高新第一分公司,2,1,20.0,1,3,2,0,9
713,上海连世数字技术有限公司大连分公司,8,3,25.0,1,5,2,0,10
714,成都亿阳信通信息技术有限公司,1,5,10.0,1,3,2,15,7
715,美团,1,6,27.5,0,0,0,0,0
716,上海唐盛信息科技有限公司,1,3,16.0,1,4,2,4,0
717,成都天予创美科技有限公司,1,1,19.0,1,4,2,1,8
718,上海复深蓝软件股份有限公司,4,5,12.5,1,4,1,1,4
719,四川纵横六合科技股份有限公司,4,2,12.5,1,5,2,1,6
720,成都四方伟业软件股份有限公司,1,4,12.5,1,4,2,1,6
721,成都极宝网络有限公司,1,1,17.5,1,5,1,2,0
722,陕西瑞达沣通信技术有限公司,1,4,9.5,1,4,1,20,5
723,安睿智达（成都）科技有限公司,1,2,18.5,1,5,2,1,9
724,深圳乐通信息技术有限公司,1,2,9.5,1,4,1,1,0
725,通联支付网络服务股份有限公司,1,5,13.5,2,7,2,30,4
726,成都搜江湖科技信息有限公司,1,2,11.5,0,0,0,0,0
727,成都中科创达软件有限公司,4,3,13.5,1,4,1,5,9
728,四川威名智慧物流科技有限公司,1,1,11.5,1,4,2,0,0
729,成都泉源堂大药房连锁股份有限公司,1,5,11.0,1,4,1,4,9
730,宏利金融全球服务中心,3,4,0.0,1,5,1,3,9
731,西安华越信息技术有限公司,1,2,6.5,1,3,2,3,6
732,中国电子科技网络信息安全有限公司,2,6,16.0,1,4,2,2,0
733,成都纵横自动化技术股份有限公司,1,3,14.5,1,3,2,1,7
734,成都节节高教育科技有限公司,1,4,15.0,1,5,2,1,6
735,上海信联信息发展股份有限公司,4,5,10.0,1,2,1,0,6
736,四川世外乡村集团有限公司,1,2,9.0,1,4,2,1,7
737,四川康源农产品有限公司,1,3,12.5,1,5,2,1,3
738,成都智住科技有限公司,1,1,6.0,1,2,2,1,5
739,华体科技,4,4,14.0,1,5,2,1,4
740,成都高新减灾研究所,1,2,18.5,1,1,3,3,4
741,维布络信息科技(成都)有限公司,8,4,17.5,1,6,2,1,10
742,唯智信息技术（上海）股份有限公司,5,3,10.0,1,5,1,1,5
743,四川华夏博康教育科技有限公司,1,1,11.0,1,5,2,1,8
744,世纪恒通科技股份有限公司,1,5,10.5,1,5,2,5,3
745,四川省亚中医疗仪器有限责任公司,1,4,15.0,1,4,2,3,10
746,华通科技有限公司,1,4,10.5,1,4,2,1,2
747,深圳市长亮科技股份有限公司,4,5,12.5,1,4,2,6,9
748,四川纬远科技有限公司,1,2,11.5,1,4,1,5,3
749,成都北斗智寻信息技术发展有限公司,1,1,17.5,1,5,2,2,4
750,成都返空汇网络技术有限公司,1,3,12.5,0,0,0,0,8
751,北京埃顿酒店服务有限公司上海第二分公司,3,6,10.5,1,4,1,1,5
752,软件与服务中心,2,0,0.0,0,0,0,0,0
753,西门子（中国）有限公司Siemens Ltd. China,3,6,0.0,1,2,2,0,0
754,北京凝思软件股份有限公司四川分公司,1,2,20.0,1,4,2,3,7
755,陕西华秦工程机械有限公司,1,2,7.0,1,2,1,3,10
756,深圳市维海德技术股份有限公司,1,3,9.0,1,3,2,1,10
757,成都旭煌科技有限公司,1,2,4.0,1,7,1,0,3
758,四川成都贝壳闹海房地产经纪有限公司,1,6,5.0,1,7,1,10,5
759,星奇数科信息技术（苏州）有限公司,1,1,27.5,1,5,2,2,6
760,四川电子机械职业技术学院,8,4,5.25,2,1,2,0,1
761,四川东走西走科技有限公司,1,2,11.0,1,4,1,1,0
762,四川万景融汇集团,1,5,7.0,1,2,1,2,3
763,四川袋鼠好车互联网科技有限公司,1,1,12.5,1,3,1,2,7
764,北京捷科智诚科技有限公司,4,5,11.0,1,5,1,2,7
765,四川路鲲物联科技有限公司,1,1,17.5,1,5,2,1,8
766,重庆两江卫星移动通信有限公司,2,0,17.5,1,7,3,0,0
767,湖南长城信息金融设备有限责任公司,2,0,0.0,0,0,0,0,0
768,成都数之联科技有限公司,1,0,0.0,1,7,3,0,0
769,成都京东方光电科技有限公司,2,5,9.0,1,4,2,2,0
770,四川弘和集团,1,3,17.5,1,5,2,2,5
771,成都英普博集生物科技有限公司,1,1,6.75,1,2,2,1,4
772,四川向兰汽车服务有限公司,1,2,9.0,0,0,0,0,4
773,成都仁合智胜科技发展有限公司,1,2,5.0,1,3,1,1,7
774,联发科技股份有限公司,8,5,16.5,1,3,2,0,7
775,成都瞳康科技有限公司,1,2,20.0,1,5,2,1,4
776,上海亘岩网络科技有限公司,6,3,15.0,1,4,2,2,8
777,成都矢量科技有限公司,1,1,9.0,1,2,1,2,0
778,成都新保科技有限公司,1,1,6.25,1,4,1,1,2
779,成都汉康信息产业有限公司,1,2,13.0,1,5,2,3,7
780,成都云杉文化传播有限公司,1,3,7.0,1,1,1,0,0
781,成都产品质量检验研究院有限责任公司,2,3,7.0,1,7,2,0,0
782,西安华梭信息科技有限公司,1,1,7.0,1,2,1,3,10
783,成都恒图科技有限责任公司（fotor）,1,2,12.5,1,4,1,1,7
784,成都易播科技有限公司,1,3,5.0,1,2,1,1,6
785,四川精准医疗科技有限责任公司,1,2,12.5,1,4,2,1,5
786,金蝶软件（中国）有限公司,1,0,0.0,0,0,0,0,0
787,成都茶百道餐饮管理有限公司,1,3,12.5,1,3,1,1,0
788,南充美兴小额贷款有限责任公司,3,4,13.5,1,5,2,1,10
789,成都锐理数据处理技术股份有限公司,1,3,11.5,1,4,2,2,5
790,成都金宇防务科技有限公司,1,1,12.5,1,4,2,2,0
791,哈曼智联科技（成都）有限公司,3,3,0.0,1,4,2,1,8
792,成都数维通信技术有限公司,1,2,6.0,1,2,2,1,4
793,杭州品联科技有限公司,1,3,9.0,1,2,2,2,4
794,成都零牛科技有限公司,8,2,7.0,1,1,1,6,0
795,赤壁市信达量化网络技术中心,5,1,12.5,0,0,0,0,0
796,成都蜀诚通信技术有限公司,1,3,12.5,1,4,2,3,7
797,北京唯信通信息技术有限公司,1,2,12.5,2,3,1,5,10
798,成都优仿科技有限公司,1,1,3.75,1,7,3,2,5
799,成都瑞安云科技股份有限公司,1,2,10.5,1,3,1,1,5
800,四川安和精密电子电器股份有限公司,1,5,18.75,2,3,2,1,4
801,南京六九零二科技有限公司,2,0,0.0,0,0,0,0,0
802,四川联通--成都市分公司,2,0,0.0,0,0,0,0,0
803,成都安美科燃气技术股份有限公司,1,2,12.0,1,4,2,1,10
804,建信金融科技有限责任公司,2,4,0.0,0,0,0,0,0
805,成都骏加科技有限责任公司,1,2,9.0,1,4,1,2,2
806,东方通信股份有限公司,2,5,11.5,1,4,2,1,5
807,成都世豪新瑞置业有限公司,1,0,0.0,0,0,0,0,0
808,无锡贝贝帕克文化创意发展有限公司,1,0,0.0,0,0,0,0,0
809,北京青云科技股份有限公司,1,0,0.0,0,0,0,0,0
810,四川联通（省本部）,2,0,0.0,0,0,0,0,0
811,IBM Services Associates Program,3,0,0.0,0,0,0,0,0
812,富士通（西安）系统工程有限公司,8,0,0.0,0,0,0,0,0
813,四川中电启明星信息技术有限公司,2,0,0.0,0,0,0,0,0
814,亚太卫星宽带通信（深圳）有限公司,2,0,12.5,1,7,3,0,0
815,上海爱数信息技术股份有限公司,1,0,0.0,0,0,0,0,0
816,普源精电科技股份有限公司,1,0,0.0,0,0,0,0,0
817,号百控股股份有限公司,2,0,0.0,0,0,0,0,0
818,中国通信服务股份有限公司,2,0,0.0,0,0,0,0,0
819,墨奇科技（北京）有限公司,1,0,0.0,0,0,0,0,0
820,成都鱼说科技有限公司西安分公司,1,1,5.0,1,1,1,2,8
821,四川银利华应用科技有限责任公司,1,2,8.0,1,3,2,0,7
822,常州易控汽车电子股份有限公司,4,3,8.0,1,3,2,1,8
823,华融化学股份有限公司,1,4,8.0,1,2,2,2,9
824,中电九天智能科技有限公司,2,2,7.0,1,2,2,5,6
825,四川广月科技有限公司,1,2,11.0,1,4,2,1,9
826,成都佳桦电子有限公司,1,2,7.0,1,4,1,1,10
827,成都创雅达科技有限公司,1,1,11.5,1,4,2,1,7
828,成都恒锐智科数字技术有限公司,1,1,10.0,1,3,2,2,0
829,中国人民人寿保险股份有限公司总公司,2,6,0.0,1,3,2,1,0
830,华兴源创（成都）科技有限公司,3,2,9.0,1,4,2,2,0
831,成都统一企业食品有限公司,1,6,4.25,1,7,2,2,8
832,深圳樱吉尔企业咨询管理有限公司,1,1,26.5,1,4,2,3,7
833,成都玻尔兹曼科技有限公司,1,3,25.0,1,4,2,2,0
834,腾和科技（大连）有限公司,8,1,20.8333,2,2,2,10,9
835,上汽通用汽车有限公司武汉分公司,5,5,0.0,2,7,2,0,4
836,广东中视信息科技有限公司杭州分公司,1,2,40.0,2,2,3,1,3
837,四川金信石信息技术有限公司,1,3,4.5,1,2,4,1,8
838,四川千百年科技有限公司,1,1,10.0,1,4,2,1,8
839,成都美迅检测设备有限公司,1,1,7.5,1,3,2,1,4
840,深圳市禾久木科技有限公司,1,1,1.5,2,2,3,20,4
841,成都市城市安全与应急管理研究院,8,2,5.0,1,4,2,1,4
842,四川远海国际旅行社股份有限公司,1,3,12.5,1,4,2,0,5
843,中国石油天然气管道工程有限公司,2,5,13.3333,1,1,2,5,0
844,成都大唐房地产经纪有限公司,1,6,9.0,1,3,1,1,6
845,江苏优利信教育科技有限公司,1,2,12.5,1,4,2,2,4
846,北科航通科技有限公司,1,2,9.0,1,4,2,0,0
847,四川学考乐科技有限公司,1,2,20.0,1,3,3,2,2
848,捷普集团-捷普科技（成都）有限公司,3,6,5.0,1,2,1,40,6
849,深圳凡维泰科技服务有限公司,1,2,17.5,1,4,2,0,7
850,北京居家科技有限公司,1,2,11.5,1,5,2,2,5
851,中国电子系统工程第三建设有限公司,2,3,7.5,1,4,2,1,5
852,易见供应链管理股份有限公司,4,3,17.5,1,7,2,3,6
853,倍睿软件（上海）有限公司,3,1,6.0,1,2,2,3,9
854,四川玖玖互娱网络科技有限公司,1,3,9.0,1,1,2,0,0
855,中瑞集团研发中心,4,5,17.5,1,7,2,1,9
856,成都和思康健投资管理有限公司,1,3,8.0,1,4,1,1,7
857,疆域康健创新医疗科技成都有限公司,8,3,8.0,1,2,2,1,7
858,北京远特科技股份有限公司深圳分公司,1,4,11.5,1,4,2,1,5
859,四川浙文眼镜有限责任公司,1,4,7.0,1,3,2,1,5
860,麒盛科技股份有限公司,4,5,14.0,2,7,3,10,8
861,深圳市科尚通信有限公司,1,3,10.0,1,5,2,2,5
862,成都神州数码有限公司,1,3,15.0,1,4,2,1,9
863,中电通商数字技术（上海）有限公司,2,2,15.0,1,4,2,1,4
864,成都天奥集团有限公司高新航天分公司,2,3,9.0,1,4,2,5,10
865,成都麦克斯林房地产经纪有限公司,3,1,12.5,1,2,4,2,4
866,广州索氧音乐文化传播有限公司,1,1,10.4167,1,4,2,0,7
867,成都欣明科技有限公司,6,1,8.0,1,2,1,3,5
868,成都凡米科技有限公司,1,1,12.5,1,4,2,0,8
869,湖北华网通信集团有限公司,1,3,6.5,1,4,2,3,5
870,成都吉锐时代触摸技术有限公司,1,3,6.5,1,3,2,1,8
871,乐山-菲尼克斯半导体有限公司,5,5,7.5,2,4,2,1,8
872,中科芯未来微电子科技成都有限公司,5,2,7.0,1,2,2,1,0
873,四川物联亿达科技有限公司,1,3,8.0,1,2,2,1,0
874,深圳市汇合发展有限公司,1,6,9.0,1,4,2,0,6
875,亿达信息技术有限公司成都分公司,1,5,9.0,1,2,1,1,0
876,四川徽记食品股份有限公司,5,5,37.5,1,6,2,1,10
877,北京吉云互动科技有限公司,1,6,5.25,1,2,2,5,10
878,维坤智能科技（上海）有限公司,1,2,10.0,1,4,1,1,9
879,紫光展锐,8,5,22.5,1,5,2,0,0
880,滴滴,1,6,27.5,2,5,2,27,0
881,四川高金实业集团有限公司,1,6,17.5,1,4,2,2,1
882,成都市睿迈驰企业管理咨询有限公司,1,1,7.5,1,2,2,0,7
883,四川伯乐帮科技有限公司,1,1,20.0,1,6,2,1,5
884,成都易科士信息产业有限公司,1,3,10.0,1,4,1,2,6
885,慧捷（上海）科技股份有限公司,1,2,0.0,1,3,2,3,6
886,仟之游软件2K Games Chengdu,3,3,11.5,1,2,1,2,10
887,四川瑞德弘扬科技有限公司,1,1,15.0,1,6,2,1,2
888,成都市美幻科技有限公司,1,2,15.0,1,1,2,1,4
889,广州欣诚企业管理有限公司,1,2,11.5,0,0,0,0,3
890,四川万网鑫成信息科技有限公司,1,3,14.5,1,4,1,1,10
891,成都知了汇智科技有限公司,1,2,12.5,1,4,1,3,5
892,帕科视讯科技（杭州）股份有限公司,1,3,0.0,1,3,2,3,6
893,群益志投科技（成都）有限公司,8,1,17.5,1,4,2,2,10
894,万宝瑞华人才管理咨询（上海）有限公司,3,5,17.5,1,3,2,0,0
895,成都摩尔环宇测试技术有限公司,1,2,9.5,1,2,1,5,6
896,钙果智能科技（上海）有限公司,1,1,15.0,1,4,2,10,7
897,上海江达科技发展有限公司,1,3,9.0,2,7,2,10,0
898,锦图计算技术（深圳）有限公司,1,2,10.0,1,4,2,1,6
899,维塔士电脑软件（成都）有限公司,3,4,9.0,1,3,2,1,8
900,新希望化工投资有限公司,1,4,9.0,1,3,2,2,5
901,维塔士电脑软件（成都）有限公司,3,4,9.0,1,3,2,1,8
902,新希望化工投资有限公司,1,4,9.0,1,3,2,2,5
903,瓴盛科技有限公司,5,3,31.25,0,0,0,0,10
904,四川川大智胜软件股份有限公司,1,3,11.0,1,3,2,2,9
905,四川快贷网金融服务外包有限公司,1,4,11.0,1,4,1,1,8
906,北京中软联动科技有限公司,1,3,7.5,0,0,0,0,0
907,成都鼎屹信息技术有限公司,1,2,11.5,1,4,2,1,5
908,四川金蜜信息技术有限公司,1,2,11.5,1,4,2,1,4
909,邦泰集团,1,5,12.5,1,4,2,1,9
910,成都恒视通科技有限公司,1,2,12.5,1,4,2,1,10
911,成都拓米双都光电有限公司,5,5,7.0,1,4,1,1,6
912,四川巧夺天工信息安全智能设备有限公司,1,2,4.0,1,7,1,0,7
913,宏盛建业投资集团有限公司,1,4,21.5,1,5,2,0,0
914,成都捷云智慧科技有限公司,1,1,11.5,1,4,2,1,5
915,北京天威诚信电子商务服务有限公司,1,3,10.0,1,5,1,0,6
916,四川正宏商贸有限公司,1,2,7.0,1,4,1,0,0
917,成都天软信息技术有限公司,1,3,5.25,1,7,1,0,7
918,深圳市风云实业有限公司,1,3,11.5,1,3,2,2,8
919,成都环极科技有限公司,1,1,22.5,1,7,2,1,8
920,中国电信10000号,2,5,6.0,1,1,1,100,8
921,智连万家（成都）科技有限公司,1,2,8.0,1,3,1,2,10
922,四川时代博川科技发展有限公司,1,2,7.0,1,2,1,3,4
923,深圳怡化电脑股份有限公司,1,6,11.0,1,3,1,1,8
924,浙江科澜信息技术有限公司,1,3,19.0,1,5,2,1,8
925,四川倚天华安科技有限公司,1,2,5.25,1,3,2,1,5
926,北京都在哪网讯科技有限公司成都分公司,1,1,10.0,1,3,2,0,6
927,骏玖电子科技（上海）有限公司,1,2,10.0,0,0,0,0,9
928,四川中科友成科技有限公司,1,1,10.5,1,3,2,0,4
929,成都心田花开教育咨询有限公司,1,5,17.5,1,5,2,1,2
930,成都影朦科技有限公司,1,3,16.5,1,4,1,0,0
931,成都筑川科技有限公司,1,2,9.0,1,3,1,1,7
932,广州凡拓数字创意科技股份有限公司,4,4,7.5,2,7,1,100,10
933,四川灵通电讯有限公司,2,3,12.0833,2,7,2,8,6
934,成都橙网科技有限公司,1,1,5.25,1,2,1,3,10
935,西安升中电子科技有限公司,1,1,2.5,1,2,1,3,10
936,清华四川能源互联网研究院,8,3,19.0,1,1,3,1,6
937,成都力比科技有限公司,1,3,8.0,0,0,0,0,8
938,陕西咔咔芭芭网络科技有限公司,1,1,5.25,1,2,1,3,10
939,创未科技（大连）有限公司,1,2,32.5,1,4,2,3,8
940,数字海南有限公司,5,2,22.5,2,5,2,0,6
941,成都臻识科技发展有限公司,1,3,7.5,1,2,2,2,8
942,深圳市艾迪思特信息技术有限公司,1,2,20.0,1,3,2,1,6
943,万宝盛华企业管理咨询（上海）有限公司,4,6,17.0,1,4,2,4,0
944,成都迅网电信工程技术咨询有限公司,1,3,12.5,1,3,2,10,10
945,成都和顺集团有限公司,1,3,7.0,1,4,1,1,6
946,成都昆朋新能科技有限公司,1,1,6.5,1,2,2,2,4
947,西安华梭信息科技有限公司,1,1,5.25,1,2,1,2,10
948,成都小步创想慧联科技有限公司,1,3,7.0,1,2,2,2,7
949,北京能科瑞元数字技术有限公司,1,3,20.0,2,3,2,5,0
950,西安吉祥果信息科技有限公司,1,1,4.25,1,2,1,2,0
951,四川中卫北斗科技有限公司,1,3,10.0,1,3,2,2,4
952,成都福森元光电科技有限公司,1,2,6.25,1,2,2,2,9
953,成都盟升电子技术股份有限公司,4,3,10.0,1,3,2,1,5
954,海克斯康测量技术（青岛）有限公司,5,4,9.0,1,2,2,0,9
955,好未来教育（原学而思教育),4,6,9.0,1,4,2,1,9
956,四川游谷科技有限公司,6,1,9.5,1,5,1,1,8
957,四川美年大健康管理有限公司,1,5,7.0,1,4,2,1,3
958,四川新全优佳教育咨询有限公司,1,3,13.5,1,1,1,0,4
959,绿盟科技,5,5,16.0,1,2,2,2,5
960,国际私塾,5,5,17.5,1,4,1,5,6
961,成都微芯药业有限公司,8,2,37.5,1,5,4,1,9
962,上海外服（四川）人力资源服务有限公司,2,2,11.0,1,2,2,0,4
963,南京欣网互联网络科技有限公司,1,5,6.0,1,2,1,1,7
964,成都鑫芯电子科技有限公司,1,2,16.0,1,5,2,1,0
965,上海乾隆高科技有限公司,8,3,6.5,1,2,1,3,7
966,四川康德赛医疗科技有限公司,1,1,7.0,1,3,2,1,8
967,成都士兰半导体制造有限公司,4,4,9.0,1,4,1,2,9
968,深圳车小米智能网络科技有限公司,1,2,9.0,1,1,2,1,0
969,成都智慧鲸安科技有限公司,1,1,17.5,1,2,2,0,5
970,上海建业信息科技股份有限公司,4,3,8.0,1,2,1,2,6
971,四川川南大市场有限公司成都分公司,1,3,16.5,1,4,2,1,0
972,四川建科旗云科技有限公司,5,1,7.5,1,3,2,8,10
973,四川省润迅人才服务有限公司,1,3,10.0,1,3,1,3,7
974,四川嘉事蓉锦医药有限公司,1,3,7.5,1,4,2,1,7
975,北京海基科技发展有限责任公司,1,2,17.5,1,3,3,2,6
976,北京搜狗科技发展有限公司,8,5,16.0,2,3,2,2,8
977,深圳市前海云字符科技有限公司,1,1,0.0,2,7,2,40,1
978,苏州优纳科技有限公司,1,3,7.0,1,3,2,1,4
979,成都恩普生医疗科技有限公司,1,2,7.0,1,1,2,3,9
980,成都优奈特科技发展有限公司,1,2,15.0,1,5,2,2,5
981,上海博为峰软件技术有限公司,1,3,8.5,1,4,1,1,6
982,成都浩石科技有限公司,1,1,22.5,1,6,2,1,3
983,千锋教育,1,4,17.5,1,4,1,1,5
984,杭州思福迪信息技术有限公司,1,2,8.5,1,2,2,4,5
985,成都佳明航电科技有限公司,3,3,13.3333,0,0,0,0,10
986,成都市三极科技有限公司,1,3,11.0,1,3,2,2,5
987,成都卓越华安信息技术服务有限公司,1,2,5.25,1,2,1,0,8
988,四川达威科技股份有限公司,4,3,8.0,1,3,2,1,6
989,深圳市博瑞得科技有限公司,1,3,25.0,2,6,2,1,4
990,成都浪起科技有限公司,6,2,45.8333,1,5,3,1,6
991,南京联创信息科技有限公司,1,3,11.5,1,4,2,0,4
992,浪潮通软公司,2,5,8.0,1,2,2,2,6
993,成都派斯光学有限公司,5,4,8.0,1,3,2,1,5
994,易事特集团股份有限公司,4,5,11.5,0,0,0,0,8
995,科大讯飞股份有限公司,4,5,18.0,1,4,2,0,6
996,合众创亚（成都）包装有限公司,8,3,11.25,1,4,2,1,6
997,四川杰通交通科技有限公司,1,2,11.0,1,3,2,0,6
998,四川科伦医药贸易有限公司,1,5,6.0,1,3,2,1,6
999,成都创视科技有限公司,1,1,6.5,1,3,1,3,6
1000,成都长城开发科技有限公司,2,5,10.5,1,3,2,2,9
