,companyName,companyNature,conpanySize,salary,city,experience,education,demand,treatment
0,四川隧唐科技股份有限公司,1,3,1.0,1,2,2,1,10
1,无锡贝贝帕克文化创意发展有限公司,1,0,0.0,0,0,0,0,0
2,四川译讯信息科技有限公司,1,2,1.75,1,4,2,1,0
3,上海兆殷特科技有限公司,1,3,1.75,1,2,2,2,8
4,无锡东领智能科技股份有限公司,1,2,1.25,1,4,2,2,6
5,四川弘和集团,1,3,0.9,1,4,2,1,5
6,中软国际科技服务有限公司,5,6,1.25,1,3,2,10,6
7,成都中科大旗软件股份有限公司,1,3,1.2,1,4,2,1,5
8,成都神州数码有限公司,1,3,0.9,1,2,1,1,7
9,北京科电航宇空间技术有限公司,1,3,1.25,1,4,2,5,7
10,成都麦克斯林房地产经纪有限公司,3,1,1.25,1,2,4,2,4
11,成都原子数据科技有限公司,1,1,1.2,1,4,2,2,6
12,上海飞络信息科技有限公司,1,2,0.9,1,4,1,1,3
13,成都捷云智慧科技有限公司,1,1,1.15,1,3,2,2,5
14,深圳市风云实业有限公司,1,3,1.15,1,3,2,2,8
15,成都国铁电气设备有限公司,1,3,1.85,1,4,2,1,7
16,四川友信立智能科技有限公司,1,1,0.8,1,4,2,3,8
17,北京国研网信息有限公司,2,3,1.5,1,5,2,1,7
18,深圳市捷兴电子商务有限公司,1,3,2.75,1,3,1,5,0
19,陕西咔咔芭芭网络科技有限公司,1,1,0.525,1,2,1,3,10
20,海南太美航空股份有限公司,1,2,1.15,1,3,2,2,9
21,西安吉祥果信息科技有限公司,1,1,0.375,1,2,1,3,0
22,深圳市拓保软件有限公司,1,4,0.9,1,4,2,1,0
23,网思科技股份有限公司,1,3,0.375,1,7,2,2,0
24,成都上鑫网络科技有限公司,1,3,0.375,0,0,0,0,10
25,成都育碧电脑软件有限公司,3,3,1.75,1,5,2,1,10
26,成都艾森威科技有限公司,1,1,0.9,1,3,1,2,6
27,成都分期学科技有限公司,1,2,0.525,1,1,1,2,0
28,新华三技术有限公司,5,6,2.0,1,3,2,3,6
29,上海华讯网络系统有限公司,2,5,1.1,1,3,2,0,8
30,成都思而科软件有限公司,5,3,1.15,1,4,2,2,5
31,四川神琥科技有限公司,1,2,1.15,1,3,1,0,8
32,四川坤贝网络科技有限公司,1,2,0.525,0,0,0,0,10
33,成都傅立叶电子科技有限公司,4,3,1.25,1,4,2,0,0
34,成都安世亚太科技有限公司,1,2,2.0833,1,1,3,0,8
35,深圳市腾讯计算机系统有限公司,1,6,0.0,1,4,2,1,0
36,成都奥智光达系统技术有限公司,1,1,0.7,1,2,2,2,0
37,上海锐成信息科技有限公司,1,1,1.6,1,4,2,1,0
38,麦田春雪科贸（北京）有限公司,1,2,1.75,1,4,2,2,4
39,成都蔚莱信息科技有限公司,1,2,1.25,1,4,1,1,4
40,贵州云腾未来科技有限公司,1,3,1.5,1,5,2,1,9
41,四川语言桥信息技术有限公司,1,4,1.15,1,3,2,0,8
42,成都亿铭睿辰科技有限公司,1,2,1.5,1,3,1,2,0
43,成都海德在线教育科技有限公司,1,2,1.75,1,6,1,2,9
44,成都部落窝科技有限公司,1,1,1.25,1,4,1,0,6
45,四川电科网安科技有限公司,6,2,1.55,1,5,2,2,2
46,广州华钧软件科技有限公司,1,2,2.5,1,4,1,5,0
47,成都恒图教育咨询有限公司,1,1,1.05,1,4,1,3,5
48,成都鲲摇物联网有限责任公司,1,2,0.375,0,0,0,0,10
49,成都派奥科技有限公司,4,3,1.2,1,2,2,1,6
50,天津光电通信技术有限公司,2,5,0.7,1,3,1,3,7
51,成都激水信息技术有限公司,1,3,1.25,1,3,2,1,0
52,成都亿阳信通信息技术有限公司,1,5,0.9,1,2,2,5,5
53,上海易宝软件有限公司,1,5,1.25,1,4,2,5,0
54,四川天上友嘉网络科技有限公司,1,4,1.25,0,0,0,0,5
55,青岛星国汽车网络科技服务有限公司,1,0,0.9,0,0,0,0,0
56,成都万我科技有限公司,1,1,0.85,0,0,0,0,0
57,成都匠领科技有限公司,1,2,0.7,1,1,2,2,10
58,成都中科创达软件有限公司,4,3,1.6,1,5,2,1,6
59,北京安必奇生物科技有限公司,1,3,1.15,1,2,2,2,5
60,深圳天源迪科信息技术股份有限公司成都办事处,1,4,1.15,2,7,2,5,10
61,联通（四川）产业互联网有限公司,2,3,1.4583,1,4,2,0,0
62,中电长城网际系统应用有限公司,2,3,0.95,1,2,2,5,4
63,成都电科智联科技有限公司,1,1,0.8,1,3,2,3,3
64,四川德源石油天然气工程有限公司,1,3,1.25,1,4,2,1,5
65,北京启明星辰信息安全技术有限公司,4,5,1.5,1,4,2,4,6
66,北京凝思软件股份有限公司四川分公司,1,2,2.0,1,5,2,10,7
67,陕西华秦工程机械有限公司,1,2,0.7,1,2,1,3,10
68,成都极趣科技有限公司,1,2,0.4,1,2,1,0,9
69,成都中嘉微视科技有限公司,5,2,0.75,1,1,2,0,4
70,OPPO广东移动通信有限公司,5,6,3.75,1,5,2,2,10
71,英国教育中心,1,3,0.95,1,4,2,1,10
72,北京明朝万达科技股份有限公司,1,3,0.9,1,2,2,1,6
73,四川万象坤信科技有限公司,1,1,0.525,1,3,1,3,8
74,图丰信息（成都）有限责任公司,3,3,1.25,1,5,2,1,5
75,杭州品联科技有限公司,1,3,1.25,1,2,2,20,4
76,深圳禾略贝塔信息科技有限公司,6,2,0.705,1,7,2,3,7
77,上海泛微网络科技股份有限公司,4,6,0.7,1,3,1,1,8
78,成都迈思信息技术有限公司,1,3,1.25,1,3,1,0,3
79,四川东走西走科技有限公司,1,2,1.1,1,4,1,1,0
80,上海壹账通金融科技有限公司,4,5,1.25,1,4,2,1,3
81,四川招生考试信息资讯有限责任公司,2,2,0.6667,1,2,2,3,6
82,成都智慧鲸安科技有限公司,1,1,2.5,1,2,2,0,5
83,上海瀚讯信息技术股份有限公司,1,0,0.0,0,0,0,0,0
84,中通服创立信息科技有限责任公司,1,0,0.0,1,7,2,2,0
85,西安导航技术研究所（中国电子科技集团公司第二十研究所）,2,0,0.0,0,0,0,0,0
86,中建电子商务有限责任公司,2,0,0.0,1,7,2,0,0
87,成都数之联科技有限公司,1,0,0.0,1,7,3,0,0
88,矽力杰半导体技术（杭州）有限公司,8,0,0.0,1,7,3,0,0
89,成都京东方光电科技有限公司,2,5,0.9,1,4,2,2,0
90,成都英普博集生物科技有限公司,1,1,0.675,1,2,2,1,4
91,深圳市依元素科技有限公司,8,2,0.8,1,7,2,1,5
92,申朴信息技术（上海）股份有限公司,4,4,1.1,1,4,1,4,7
93,西安华梭信息科技有限公司,1,1,0.525,1,2,1,2,10
94,四川精准医疗科技有限责任公司,1,2,0.8,1,4,2,1,5
95,成都鹏业软件股份有限公司,1,3,1.25,1,2,3,1,6
96,四川奥诚科技有限责任公司,1,2,1.0,1,3,2,1,6
97,创意信息技术股份有限公司,4,5,1.75,1,5,2,2,8
98,四川众合智控科技有限公司,1,3,1.25,1,4,2,4,6
99,成都数维通信技术有限公司,1,2,0.6,1,2,2,1,4
100,武汉翌擎智能科技有限公司,1,3,1.0,1,4,2,2,5
101,深圳市汇顶科技股份有限公司,4,5,2.0,1,3,2,0,7
102,成都零牛科技有限公司,8,2,0.7,1,1,1,5,0
103,深圳大普微电子科技有限公司,6,0,0.0,0,0,0,0,0
104,成都数博视科技有限公司,1,1,1.25,1,4,2,4,9
105,成都优仿科技有限公司,1,1,0.375,1,7,3,2,5
106,华人运通控股（上海）有限公司,1,0,0.0,0,0,0,0,0
107,北京世联互动网络有限公司成都分公司,8,3,1.25,1,4,2,1,10
108,同程旅行,1,0,0.0,0,0,0,0,0
109,苏州市伏泰信息科技股份有限公司,1,0,0.0,0,0,0,0,0
110,云和恩墨（北京）信息技术有限公司,1,0,0.7,1,7,2,0,0
111,四川安和精密电子电器股份有限公司,1,5,1.75,2,4,1,1,4
112,南京六九零二科技有限公司,2,0,0.0,0,0,0,0,0
113,四川联通--成都市分公司,2,0,0.0,0,0,0,0,0
114,成都安美科燃气技术股份有限公司,1,2,1.2,1,4,2,1,10
115,兴业数字金融服务（上海）股份有限公司,5,0,0.0,0,0,0,0,0
116,上海爱数信息技术股份有限公司,1,0,0.0,0,0,0,0,0
117,北京麦弗瑞科技有限公司,1,2,0.9,2,3,1,0,6
118,成都卡诺普自动化控制技术有限公司,1,3,0.5,1,3,1,1,7
119,技术中心,2,0,0.0,0,0,0,0,0
120,博智安全科技股份有限公司,1,3,1.4,2,4,1,2,5
121,上海联影医疗科技有限公司,1,0,0.0,1,7,3,0,0
122,人工智能实验室,2,0,0.0,0,0,0,0,0
123,建信金融科技有限责任公司,2,4,0.0,0,0,0,0,0
124,信息安全实验室,2,0,0.0,0,0,0,0,0
125,成都海光集成电路设计有限公司,1,0,0.0,0,0,0,0,0
126,宝信软件（成都）有限公司,2,2,1.0417,1,2,2,3,0
127,成都科来网络技术有限公司,1,4,1.75,1,4,2,4,6
128,成都虚谷伟业科技有限公司,1,2,0.8,1,3,2,5,1
129,深圳市国微电子有限公司成都分公司,4,3,1.35,0,0,0,0,5
130,北京青云科技股份有限公司,1,0,0.0,0,0,0,0,0
131,四川联通（省本部）,2,0,0.0,0,0,0,0,0
132,IBM Services Associates Program,3,0,0.0,0,0,0,0,0
133,成都运达科技股份有限公司,4,0,0.0,0,0,0,0,0
134,四川中电启明星信息技术有限公司,2,0,0.0,0,0,0,0,0
135,亚太卫星宽带通信（深圳）有限公司,2,0,1.25,1,7,3,0,0
136,普源精电科技股份有限公司,1,0,0.0,0,0,0,0,0
137,成都美容整形医院有限公司,1,3,0.425,1,2,4,1,7
138,展讯通信(上海)有限公司,3,0,0.0,0,0,0,0,0
139,芯源系统有限公司,5,0,0.0,0,0,0,0,0
140,软通动力信息技术（集团）有限公司,1,0,0.7,0,0,0,0,0
141,墨奇科技（北京）有限公司,1,0,0.0,0,0,0,0,0
142,中国电子科技网络信息安全有限公司,2,6,1.15,1,1,2,1,9
143,成都玖锦科技有限公司,1,2,0.9,1,3,1,1,0
144,成都极米科技股份有限公司,1,5,2.0,1,4,2,1,8
145,浙江杭可科技股份有限公司,4,1,2.75,1,4,2,1,7
146,南京欣网通信科技股份有限公司,1,5,0.95,1,3,1,2,8
147,成都小步创想慧联科技有限公司,1,3,0.6,1,2,2,1,7
148,上海帕利电子有限公司,1,2,2.25,1,4,1,0,4
149,北京北方新宇信息技术有限公司,4,5,0.9,1,4,1,0,3
150,四川君逸数码科技股份有限公司,4,3,2.0,1,5,2,1,5
151,上海艾融软件股份有限公司,4,5,1.2,1,4,2,2,3
152,上海交通大学四川研究院,8,2,1.0,1,4,2,1,7
153,上扬软件（上海）有限公司,8,3,0.8,1,4,1,1,0
154,成都大唐房地产经纪有限公司,1,6,0.7,1,3,2,1,5
155,四川省瑞人网络科技有限公司,1,2,1.4,1,4,2,1,5
156,北京东土科技股份有限公司,4,4,2.0,1,4,2,4,7
157,四川诺瀚康科技有限公司,1,1,0.65,1,2,2,2,6
158,成都电科慧安科技有限公司,6,2,0.9,1,3,2,2,4
159,宁夏博信通科技有限公司,5,6,0.85,1,3,2,0,0
160,成都创雅达科技有限公司,1,1,1.0,1,4,2,5,7
161,中国空气动力研究与发展中心计算空气动力研究所,8,5,1.5,2,2,3,21,10
162,广州咨元信息科技有限公司,1,3,0.8,1,4,2,2,6
163,成都奕康真空电子技术有限责任公司,1,1,1.55,1,4,3,1,7
164,全友家私有限公司,1,6,0.9,1,4,1,1,5
165,成都玻尔兹曼科技有限公司,1,3,2.5,1,4,2,2,0
166,四川金信石信息技术有限公司,1,3,1.0,1,4,2,1,9
167,乐山市城乡规划设计院,8,2,0.7,2,2,3,3,0
168,成都市邦乐人力资源服务有限公司,1,3,1.75,2,4,2,20,0
169,四川千百年科技有限公司,1,1,1.0,1,4,2,1,8
170,深圳市禾久木科技有限公司,1,1,1.2,2,2,2,20,4
171,湖南国科微电子股份有限公司,4,4,1.75,1,5,2,1,5
172,四川中科德勤科技有限公司,1,2,0.65,1,4,2,1,4
173,中国石油天然气管道工程有限公司,2,5,2.0833,1,2,2,1,0
174,四川博文网络科技有限责任公司成都分公司,1,2,0.9,1,3,1,1,3
175,杭州顺网科技股份有限公司,4,5,1.6,1,5,2,1,7
176,成都冰蓝科技有限公司,1,1,1.25,1,5,1,2,5
177,成都大唐房地产经纪有限公司,1,6,0.7,1,2,2,2,6
178,四川福摩数字科技有限公司,1,3,1.25,1,5,2,1,5
179,四川学考乐科技有限公司,1,2,2.25,1,5,2,1,2
180,英韧科技（上海）有限公司,5,2,2.0,1,5,2,5,8
181,捷普集团-捷普科技（成都）有限公司,3,6,0.55,1,3,1,1,0
182,深圳凡维泰科技服务有限公司,1,2,1.75,1,4,2,0,7
183,创雅达科技,1,4,0.525,1,7,1,0,0
184,成都高伟达信息技术有限公司,4,5,0.9,1,3,2,1,7
185,四川汇安融信息技术服务有限公司,1,2,1.05,1,4,1,0,7
186,北京居家科技有限公司,1,2,1.15,1,5,2,2,5
187,广州云链科技有限公司,1,3,1.25,1,5,1,1,3
188,通联支付网络服务股份有限公司四川分公司,6,3,0.7,1,2,2,1,10
189,海链数字科技（海南）有限公司,1,2,1.25,1,3,1,0,7
190,成都智元汇信息技术股份有限公司,1,3,1.1,1,3,2,4,6
191,四川玖玖互娱网络科技有限公司,1,3,0.9,1,1,2,0,0
192,深圳市盛博科技嵌入式计算机有限公司,1,4,1.4,1,3,2,1,8
193,成都能峰电气有限公司,1,2,1.05,1,4,1,0,7
194,成都房联云码科技有限公司,1,3,1.25,1,4,2,1,9
195,疆域康健创新医疗科技成都有限公司,8,3,0.8,1,2,2,1,7
196,四川观想科技股份有限公司,1,3,1.75,1,4,1,1,6
197,江苏西格数据科技有限公司,1,2,1.5,2,7,3,4,10
198,北京远特科技股份有限公司深圳分公司,1,4,1.15,1,2,2,1,5
199,合肥宏晶微电子科技股份有限公司,4,3,3.0,1,4,2,5,10
200,北京远特科技股份有限公司深圳分公司,1,4,1.15,1,2,2,1,5
201,合肥宏晶微电子科技股份有限公司,4,3,3.0,1,4,2,5,10
202,麒盛科技股份有限公司,4,5,1.4,2,7,3,10,8
203,成都立鑫新技术科技有限公司,1,2,0.3,1,7,2,2,0
204,成都国卫信安信息技术有限公司,1,2,1.25,1,3,2,2,4
205,上海外服（四川）人力资源服务有限公司,2,2,1.75,1,3,2,2,1
206,可心可晴（成都）科技有限公司,5,1,2.4,1,5,2,1,0
207,上海登临科技有限公司,5,2,1.5,1,4,2,1,10
208,成都维客昕微电子有限公司,1,1,1.1667,1,7,2,2,6
209,成都酷猫教育咨询有限公司,6,1,0.375,1,7,1,3,3
210,中嘉康德有限公司,1,1,1.25,2,4,1,2,0
211,成都新视角商贸有限公司,1,2,0.525,1,2,1,0,0
212,西藏金采科技股份有限公司,1,3,1.65,1,5,2,1,5
213,禾源国际贸易（上海）有限公司,5,2,0.525,1,2,2,1,7
214,北京思特奇信息技术股份有限公司四川分公司,4,5,1.0,1,3,2,1,10
215,成都诺聚科技有限公司,1,3,2.0,1,4,1,1,7
216,湖北华网通信集团有限公司,1,3,0.65,1,4,2,3,5
217,北京环亚信通信息科技有限公司,1,3,0.85,1,4,2,1,7
218,成都创道夫科技有限公司,1,2,1.5,1,4,2,2,5
219,成都吉锐时代触摸技术有限公司,1,3,1.5,1,2,3,1,8
220,深圳万讯自控股份有限公司,4,4,1.75,1,5,3,1,10
221,乐山-菲尼克斯半导体有限公司,5,5,0.75,2,4,2,1,8
222,中科芯未来微电子科技成都有限公司,5,2,0.7,1,2,2,1,0
223,杭州友声科技股份有限公司,1,3,0.8,1,4,1,1,10
224,四川物联亿达科技有限公司,1,3,0.8,1,2,2,1,0
225,四川和芯微电子股份有限公司,1,3,2.15,1,3,2,1,10
226,深圳市汇合发展有限公司,1,6,0.9,1,4,2,0,6
227,成都小栈教育科技有限公司,1,2,0.9,1,2,2,1,10
228,亿达信息技术有限公司成都分公司,1,5,0.7,1,3,1,1,8
229,四川徽记食品股份有限公司,5,5,3.75,1,6,2,1,10
230,四川汇源光通信有限公司,4,3,1.1,1,3,2,3,7
231,武汉牧望群网络科技有限公司,5,2,2.5,2,4,1,3,9
232,紫光展锐,8,5,2.25,1,5,2,0,0
233,滴滴,1,6,2.75,2,5,2,27,0
234,成都数之联科技有限公司,1,3,1.5,1,4,2,1,6
235,成都微宇科技有限责任公司,1,2,2.25,1,4,2,5,0
236,成都市睿迈驰企业管理咨询有限公司,1,1,0.75,1,2,2,0,7
237,四川伯乐帮科技有限公司,1,1,2.0,1,6,2,1,5
238,北京和力记易科技有限公司,1,2,1.0,1,4,2,0,6
239,珠海市运泰利自动化设备有限公司,4,5,1.4,1,4,2,3,8
240,慧捷（上海）科技股份有限公司,1,2,0.0,1,3,2,3,6
241,深圳市虹红科技有限公司,1,2,1.05,1,2,2,1,5
242,四川人才开发中心有限责任公司,8,5,1.2,1,5,2,1,6
243,仟之游软件2K Games Chengdu,3,3,1.15,1,2,1,2,10
244,四川天正信息科技有限公司,2,1,0.7,1,3,1,5,7
245,上海扶丕悌软件有限公司,8,6,0.0,2,4,2,2,2
246,深圳大普微电子科技有限公司,1,2,1.0,1,7,2,2,8
247,上海君枫珠宝首饰有限公司成都分公司,1,2,1.25,1,4,2,1,0
248,广州欣诚企业管理有限公司,1,2,1.15,0,0,0,0,3
249,成都知了汇智科技有限公司,1,2,1.25,1,4,1,3,5
250,东方通信股份有限公司,2,5,1.15,2,4,2,1,2
251,群益志投科技（成都）有限公司,8,1,1.75,1,4,2,2,10
252,南京铭轩生物科技有限公司,1,2,6.25,0,0,0,0,10
253,万宝瑞华人才管理咨询（上海）有限公司,3,5,1.75,1,3,2,0,0
254,成都摩尔环宇测试技术有限公司,1,2,0.95,1,2,1,5,6
255,翱捷科技（上海）有限公司,5,4,0.0,1,5,3,0,4
256,成都思晗科技股份有限公司,1,2,2.05,1,5,2,1,5
257,钙果智能科技（上海）有限公司,1,1,1.25,1,4,2,5,7
258,上海江达科技发展有限公司,1,3,2.0,1,1,3,0,9
259,锦图计算技术（深圳）有限公司,1,2,1.875,1,4,2,1,6
260,维塔士电脑软件（成都）有限公司,3,4,0.9,1,3,1,1,10
261,成都艾乐橙文化传播有限公司,1,4,1.8,1,6,1,2,6
262,四川新网银行股份有限公司,1,3,2.25,1,4,3,1,8
263,成都欧林生物科技股份有限公司,1,3,0.7,1,2,1,1,6
264,兰亭集势,4,5,1.95,1,5,2,2,0
265,成都我行我数科技有限公司,5,2,0.7,1,2,2,5,0
266,瓴盛科技有限公司,5,3,3.75,2,5,2,0,10
267,四川快贷网金融服务外包有限公司,1,4,0.8,1,3,1,1,6
268,成都鼎屹信息技术有限公司,1,2,0.7,1,3,1,2,6
269,成都睿云物联科技有限公司,6,2,1.25,1,2,2,1,6
270,成都微鑫通时代科技有限公司,1,2,1.5,1,5,2,2,8
271,成都今是科技有限公司,1,1,0.25,1,7,2,0,0
272,北京国商逸品文化传媒有限公司,1,2,0.9,2,7,1,5,0
273,四川金蜜信息技术有限公司,1,2,1.15,1,4,2,1,4
274,邦泰集团,1,5,1.25,1,4,2,1,9
275,重庆新钶电子有限公司,8,3,0.19,1,7,1,2,7
276,四川西盾科技有限公司,1,2,1.15,1,5,2,1,5
277,成都恒视通科技有限公司,1,2,2.0,1,5,2,2,0
278,成都拓米双都光电有限公司,5,5,0.7,1,4,1,1,6
279,安睿智达（成都）科技有限公司,1,2,1.25,1,5,2,1,9
280,上海柯林布瑞信息技术有限公司,1,3,1.5,1,5,2,1,8
281,成都恒创励程电子科技有限公司,1,2,1.25,1,4,2,1,7
282,东华软件股份公司,4,5,1.6,1,5,2,3,4
283,成都爱车保信息技术有限公司,1,3,0.7,1,3,2,2,6
284,成都市紫蔷薇人力资源管理有限公司,1,2,2.5,2,4,2,20,0
285,珠海宽德投资管理有限公司,1,2,1.75,2,7,2,0,0
286,上海帆声图像科技有限公司,1,3,2.75,1,4,2,1,6
287,成都天软信息技术有限公司,1,3,0.525,1,7,1,0,7
288,四川英海瑞特科技有限公司,1,2,1.6,1,5,2,2,5
289,中建材信息技术股份有限公司,2,4,1.0,1,3,2,1,5
290,捷德（中国）科技有限公司,3,5,1.25,2,4,2,1,10
291,四川东山华盛企业管理有限公司,1,2,1.0,1,4,1,1,8
292,骏玖电子科技（上海）有限公司,1,2,1.0,0,0,0,0,9
293,上海富瀚微电子股份有限公司,5,3,3.75,1,5,2,0,10
294,北京御芯微科技有限公司,1,2,0.95,2,7,2,1,0
295,四川久远银海软件股份有限公司,4,5,1.1,1,4,2,3,4
296,四川中科友成科技有限公司,1,1,1.05,1,3,2,0,4
297,深圳市讯方技术股份有限公司,1,5,1.4,2,5,1,2,5
298,成都心田花开教育咨询有限公司,1,5,1.75,1,5,2,1,2
299,成都影朦科技有限公司,1,3,1.25,1,4,1,1,3
300,京东商城,3,6,0.9,1,4,2,2,6
301,成都筑川科技有限公司,1,2,0.9,1,3,1,1,7
302,成都甲乙方程科技有限公司,1,1,0.9,1,4,2,4,3
303,广州精科医学检验所有限公司,1,3,1.15,1,2,3,1,4
304,青岛太初资产管理有限公司,1,3,1.75,1,4,3,1,0
305,四川创智联恒科技有限公司,4,3,2.4,1,3,2,1,7
306,成都橙网科技有限公司,1,1,0.525,1,2,1,3,10
307,西安升中电子科技有限公司,1,1,0.525,1,2,1,3,10
308,清华四川能源互联网研究院,8,3,1.875,1,1,3,5,6
309,成都伊高智能科技有限公司,1,1,0.625,1,2,2,5,5
310,成都运达科技股份有限公司,4,4,1.25,1,3,2,1,8
311,瑞庭网络技术（上海）有限公司成都分公司-安居客,8,5,0.7,1,3,2,1,6
312,索尔思光电（成都）有限公司,3,5,0.0,1,5,2,1,5
313,创未科技（大连）有限公司,1,2,3.25,1,4,2,3,8
314,UT斯达康公司,8,3,1.5,1,4,2,0,8
315,成都森川科技股份有限公司,1,2,0.25,1,7,2,1,0
316,成都优信创展信息技术有限公司,1,4,0.8,1,4,2,1,6
317,成都臻识科技发展有限公司,1,3,2.7083,0,0,0,0,8
318,四川曙光集团,1,3,1.0,1,4,2,1,7
319,北京贝瑞和康生物技术有限公司,4,5,1.25,2,3,3,1,5
320,凹凸电子（成都）有限公司,3,4,0.3,1,7,2,1,5
321,北京大瞬科技有限公司,1,2,1.25,1,4,3,1,5
322,四川安迪科技实业有限公司,1,2,0.95,1,3,2,2,5
323,深圳市艾迪思特信息技术有限公司,1,2,0.8,1,2,2,2,8
324,四川星海系统集成工程有限公司,1,2,0.45,1,7,2,2,2
325,万宝盛华企业管理咨询（上海）有限公司,4,6,1.7,1,4,2,4,0
326,易店无忧,1,5,0.6,1,2,1,1,7
327,成都迅网电信工程技术咨询有限公司,1,3,1.25,1,3,2,10,10
328,益企云科技股份有限公司,1,2,2.25,1,6,2,1,5
329,太崆动漫（武汉）有限公司,3,2,0.875,2,4,1,2,7
330,西安星娱宸文化传媒有限公司,1,2,3.0,2,2,1,99,0
331,成都摩奇创造信息技术有限公司,3,2,1.15,1,2,2,1,0
332,成都好伙伴网络科技有限公司,5,2,0.9,1,3,1,1,3
333,四川锦欣生殖医疗投资管理有限公司,1,2,1.25,1,3,2,2,0
334,北京直真科技股份有限公司,4,4,0.8,1,4,2,0,4
335,深圳市网是科技有限公司,1,5,0.7,1,2,2,2,0
336,西安华梭信息科技有限公司,1,1,0.525,1,2,1,2,10
337,成都星际港湾科技有限公司,1,3,1.25,1,5,2,3,5
338,大连华钦软件技术有限公司,1,0,1.6,1,5,2,3,0
339,江苏卓胜微电子股份有限公司,5,3,1.35,1,5,3,1,8
340,中通服创立信息科技有限责任公司,2,4,0.8,1,3,2,2,10
341,北京卡索众和科技有限公司,1,3,1.25,2,3,2,1,7
342,康德曼（北京）互联网技术有限公司,1,2,2.0,1,3,2,5,8
343,中科威发半导体（苏州）有限公司,5,2,2.15,1,5,2,2,8
344,成都德锋创享科技有限公司,1,2,0.525,1,1,1,3,3
345,四川中卫北斗科技有限公司,1,3,1.0,1,3,2,2,4
346,成都佳发安泰教育科技股份有限公司,4,4,0.75,0,0,0,0,8
347,苏州雄立科技有限公司,1,2,2.0,1,3,2,3,8
348,电信科学技术第五研究所有限公司,2,3,1.0417,1,2,1,3,6
349,四川格瑞特科技有限公司,1,2,1.1,1,4,1,0,10
350,成都瀚德科技有限公司,1,2,0.45,1,7,3,1,0
351,南充美兴小额贷款有限责任公司,3,4,1.55,1,5,2,1,8
352,成都云祺科技有限公司,1,1,0.75,1,2,2,1,7
353,成都哆可梦网络科技有限公司,1,3,0.9,1,4,1,0,0
354,四川美年大健康管理有限公司,1,5,0.7,1,4,2,1,3
355,上海思华科技股份有限公司,1,3,1.5,1,2,1,0,7
356,上海爱数信息技术股份有限公司,1,5,1.5,1,4,2,0,0
357,四川医信教育咨询有限责任公司,1,3,1.0,1,4,2,3,0
358,绿盟科技,5,5,1.6,1,2,2,2,5
359,成都微芯药业有限公司,8,2,3.75,1,5,4,1,9
360,中电通商数字技术（上海）有限公司,2,2,1.25,1,3,2,2,4
361,深圳市优讯通信息技术有限公司,1,2,1.25,1,4,1,3,0
362,深圳市网新新思软件有限公司,1,5,1.7,1,4,1,2,7
363,上海乾隆高科技有限公司,8,3,0.65,1,2,1,3,7
364,上海威固信息技术股份有限公司,1,2,0.9,1,2,1,1,7
365,成都图影视讯科技有限公司,1,1,1.75,1,4,2,1,4
366,四川康德赛医疗科技有限公司,1,1,0.7,1,3,2,1,8
367,统信软件技术有限公司,1,5,2.0,1,4,1,3,0
368,北京华大九天软件有限公司,2,3,1.25,1,1,2,0,8
369,成都锐成芯微科技股份有限公司,1,2,2.25,1,4,2,2,4
370,普华永道商务服务（成都）有限公司,8,5,0.65,1,4,2,1,4
371,四川深瑞视科技有限公司,6,1,2.0,1,4,2,0,3
372,四川川南大市场有限公司成都分公司,1,3,1.65,1,4,2,1,0
373,四川建科旗云科技有限公司,5,1,0.75,1,3,2,8,10
374,成都夏尔天逸科技有限公司,1,4,2.0,1,4,2,2,10
375,成都九威全然科技有限公司,1,2,0.375,0,0,0,0,10
376,深圳市前海云字符科技有限公司,1,1,0.0,2,7,2,40,1
377,中讯志远（武汉）科技有限公司,1,2,0.7,1,3,2,6,2
378,北京凯博无线科技有限公司,1,1,1.0,1,5,2,1,5
379,四川京炜交通工程技术有限公司,1,2,0.7,1,7,3,1,0
380,上海博为峰软件技术有限公司,1,3,0.85,1,4,1,1,6
381,深圳市朗驰欣创科技股份有限公司成都分公司,1,3,1.5,1,5,2,1,10
382,成都易设界科技有限公司,1,1,0.375,0,0,0,0,10
383,杭州思福迪信息技术有限公司,1,2,0.75,1,2,2,2,5
384,格尔软件股份有限公司,4,3,1.5,1,5,2,0,7
385,新希望物业服务集团有限公司,1,6,1.25,1,4,2,2,8
386,成都佳明航电科技有限公司,3,3,1.4583,1,5,2,1,10
387,鼎桥通信技术有限公司,5,5,1.75,1,3,2,3,0
388,成都卓越华安信息技术服务有限公司,1,2,0.525,1,2,1,0,8
389,成都夸克蚂蚁科技有限公司,1,1,1.0,1,7,2,3,7
390,成都浪起科技有限公司,6,2,4.5833,1,5,3,1,6
391,南京联创信息科技有限公司,1,3,1.15,1,4,2,0,4
392,成都市秀域健康管理有限公司,1,6,1.75,1,6,2,1,6
393,成都华泰互联科技有限公司,1,1,0.375,1,2,2,1,0
394,四川杰通交通科技有限公司,1,2,1.35,1,3,2,1,6
395,深圳市佳康捷科技有限公司,1,2,1.25,1,2,3,2,8
396,北京华信杰通科技有限公司,1,5,0.9,1,3,2,4,10
397,福建星网智慧科技股份有限公司,5,4,1.25,1,3,2,1,8
398,成都长城开发科技有限公司,2,5,1.05,1,3,2,2,9
399,西门子工业自动化产品（成都）有限公司,3,4,1.25,1,4,2,1,10
400,成都长城开发科技有限公司,2,5,1.05,1,3,2,2,9
401,西门子工业自动化产品（成都）有限公司,3,4,1.25,1,4,2,1,10
402,上海纳诺商务咨询有限公司,1,2,0.725,1,4,1,5,0
403,成都振芯科技股份有限公司,1,4,1.5,1,2,2,1,7
404,成都天晟云信息技术有限公司,1,2,2.75,1,7,2,0,5
405,四川准达信息技术股份有限公司,1,5,1.0,1,4,2,10,6
406,成都秦川物联网科技股份有限公司,4,4,0.95,1,4,2,1,6
407,京东物流西南分公司,1,6,0.65,1,2,1,2,5
408,中移物联网有限公司,2,5,2.0,1,4,2,10,4
409,神州数码信息服务股份有限公司,4,6,1.45,1,4,2,5,0
410,平安科技（深圳）有限公司,1,5,2.25,1,4,2,1,5
411,中外运-敦豪(DHL-Sinotrans),5,6,1.25,1,4,2,1,6
412,戴尔（中国）有限公司,3,6,0.0,1,2,2,0,0
413,亚信科技CMC,5,6,1.4,1,4,2,1,7
414,亚信科技PRD,1,6,1.85,1,3,2,1,10
415,亚信科技（中国）有限公司,4,6,1.75,1,5,2,1,6
416,亚信科技（成都）有限公司,3,3,2.0,1,3,2,4,0
417,Ericsson (China) Communications Co.LTD 爱立信（中国）通信有限公司,3,6,1.75,1,1,2,0,5
418,杭州东信北邮信息技术有限公司,2,4,1.25,1,3,2,3,4
419,成都天衡仪器设备有限公司,1,2,1.15,1,2,2,5,10
420,福建星网锐捷通讯股份有限公司,4,6,0.95,1,4,2,1,6
421,字节跳动,1,6,3.0,1,4,2,20,7
422,上海梦创双杨数据科技股份有限公司,1,5,2.0,1,3,2,15,4
423,珠海市海米软件技术有限公司,5,1,1.6,1,4,2,0,0
424,Tesla特斯拉汽车,3,6,1.25,1,2,2,2,0
425,广东东华发思特软件有限公司,1,6,0.95,1,3,2,2,8
426,卓越质胜（北京）科技发展有限公司,1,2,0.85,1,4,2,1,5
427,成都数联铭品科技有限公司,1,4,1.25,1,4,1,1,5
428,四川效率源信息安全技术股份有限公司,1,3,1.0,1,4,1,0,7
429,成都天府通金融服务股份有限公司,2,3,1.3333,1,4,2,2,0
430,上海志御医疗科技发展有限公司,1,1,1.75,1,7,2,5,0
431,紫光云数科技有限公司,5,5,1.0,1,2,2,10,6
432,深圳市睿服科技有限公司,1,4,1.25,1,5,2,2,0
433,莫利辰光成都科技有限公司,1,3,3.5,1,5,2,0,7
434,深圳市菲森科技有限公司,1,3,2.25,1,7,3,2,7
435,成都科锐特汽车科技有限公司,1,2,1.0,1,1,2,0,0
436,成都智慧数联信息技术有限公司,1,2,0.95,1,4,1,3,10
437,成都莎瑞科技有限公司,1,3,2.75,1,5,2,1,0
438,四川明腾信息技术有限公司,1,2,0.5,1,2,1,1,8
439,迈克生物股份有限公司,4,5,1.6,1,2,2,2,0
440,西加云杉科技有限公司,3,3,1.25,1,4,2,1,7
441,奥夫工程技术（成都）有限公司,3,6,1.5,1,5,2,3,7
442,成都大数汇聚科技有限公司,1,2,1.25,1,4,2,1,8
443,新希望六和股份有限公司,4,6,2.0,1,4,2,2,0
444,百胜餐饮（成都）有限公司,3,6,3.0,1,7,2,1,5
445,文思海辉技术有限公司Pactera Technology International Limited,3,6,1.25,1,3,2,10,0
446,恩士迅信息科技（上海）有限公司,8,4,2.25,1,5,2,0,8
447,四川妥妥递科技有限公司,1,2,0.9,1,3,2,1,6
448,成都富澳立基教育科技有限公司,4,2,0.6,1,1,2,1,9
449,北京捷科智诚科技有限公司,4,5,0.9,1,4,1,0,4
450,福建八萃网络科技有限公司,1,3,0.9,1,3,2,3,5
451,上海网擎信息系统有限公司,1,3,1.75,1,5,1,3,0
452,四川农夫指道网络科技有限公司,1,1,0.7,1,4,2,1,0
453,合肥智芯半导体有限公司,1,2,3.5,2,6,3,2,7
454,成都聚思力信息技术有限公司,3,4,1.5,1,4,2,0,8
455,伍柒必乐科技（成都）有限公司,3,2,0.25,1,7,2,0,0
456,北京映翰通网络技术股份有限公司,1,3,1.5,1,2,2,1,7
457,成都智菲科技有限公司,1,2,1.05,1,4,1,3,5
458,基点生物科技（成都）有限公司,1,1,1.0,1,3,2,1,3
459,深圳市智保科技有限公司,1,2,2.25,1,5,2,2,6
460,四川惠宜康科技有限公司,5,2,0.75,1,4,2,0,2
461,成都数联易康科技有限公司,1,2,0.85,1,3,2,0,3
462,IMG泡米文化科技,1,2,1.25,1,4,1,0,5
463,成都新柒玩科技有限公司,1,3,1.0,1,4,1,2,4
464,成都鑫豪斯电子探测技术有限公司,1,4,0.8,0,0,0,0,6
465,成都中亚通茂科技股份有限公司,4,3,2.5,1,4,3,1,6
466,成都国星宇航科技有限公司,1,2,1.25,1,4,2,1,6
467,四川御顺金融外包服务有限公司,1,4,0.7,1,4,1,1,8
468,腾讯RDM,4,5,1.0,1,4,2,2,10
469,四川奥邦药业有限公司,1,4,1.5,1,1,3,1,6
470,安费诺商用电子产品（成都）有限公司,3,5,0.625,1,2,2,1,6
471,成都探芯科技有限公司,1,1,1.25,1,4,2,1,10
472,京北方信息技术股份有限公司成都分公司,1,4,2.2,1,6,2,1,0
473,云锦人工智能科技集团有限公司,1,2,0.95,1,7,1,10,0
474,上海肯耐珂萨人力资源科技股份有限公司,1,4,1.4583,1,5,2,3,6
475,成都塔斯克信息技术有限公司,1,2,1.75,1,5,2,2,0
476,成都通甲优博科技有限责任公司,1,2,0.48,1,7,2,2,9
477,北京景行锐创软件有限公司,1,2,2.25,1,4,3,0,4
478,芯源系统有限公司,3,5,1.1,1,5,2,0,6
479,北京中经惠众科技有限公司,6,2,2.0,2,5,2,3,8
480,成都返空汇网络技术有限公司,1,3,1.15,1,4,2,2,0
481,民航成都电子技术有限责任公司,2,4,1.3333,1,1,2,2,9
482,北京科银京成技术有限公司成都研发中心,4,3,1.15,1,4,2,0,8
483,中兴软件技术（南昌）有限公司,1,4,1.0,1,4,1,2,4
484,深圳王子新材料股份有限公司,4,5,0.8,1,4,2,1,8
485,四川惟景科技有限公司,1,3,1.2,1,4,2,2,0
486,成都泓睿科技有限责任公司,1,3,0.9,1,4,2,1,10
487,成都信新数码科技有限公司,1,2,0.7,2,3,2,2,0
488,成都六玥海棠网络科技有限公司,1,1,0.4,1,2,1,2,0
489,成都帝标智能家居有限公司,1,5,0.6,0,0,0,0,3
490,VSPN,1,4,1.15,0,0,0,0,0
491,成都迈普产业集团有限公司,1,1,1.0,1,5,2,1,10
492,惠州市宝高网络科技有限公司,1,2,1.6,2,4,1,3,2
493,易视腾科技股份有限公司,1,4,1.0,1,3,2,1,5
494,成都市叙成芯半导体有限公司,1,1,0.625,1,1,2,2,5
495,上海安路信息科技有限公司,1,3,4.5,1,5,2,0,6
496,成都安琪儿医疗控股有限公司,5,5,1.0,1,4,2,2,7
497,华体科技,4,4,1.75,1,1,2,1,0
498,成都四海万联科技有限公司,6,2,1.5,1,5,2,0,3
499,成都诺森医学检验有限公司,1,3,0.7,1,4,1,1,8
500,TCL通讯科技（成都）有限公司,8,4,2.75,1,6,2,2,6
501,成都主导科技有限责任公司,1,4,1.7917,1,4,3,1,7
502,成都明夷电子科技有限公司,1,3,2.9,2,4,2,1,10
503,北京融数易雨科技有限公司,1,2,1.25,1,2,1,1,0
504,河北神玥软件科技股份有限公司,4,4,1.05,1,4,2,2,4
505,成都艾佛瑞科技有限公司,1,1,0.9,1,2,1,5,4
506,成都捌零科技有限公司,6,1,1.5,1,5,1,1,4
507,四川博源科技有限责任公司,1,3,0.5,1,2,1,0,6
508,新电信息科技（成都）有限公司,8,4,0.0,1,4,2,0,7
509,北京市商汤科技开发有限公司,1,5,3.0,2,5,2,5,0
510,成都心吉康科技有限公司,1,2,1.6,1,4,3,1,10
511,成都安美勤信息技术股份有限公司,1,3,0.9,1,4,2,5,6
512,成都蓝炬科技有限公司,1,1,0.7,1,4,2,5,7
513,大连滋德商务咨询有限公司,1,1,3.25,2,2,1,10,0
514,四川省唯品富邦消费金融(筹),1,1,0.0,1,5,2,0,0
515,汉堂软件工程（上海）有限公司,1,3,0.75,1,3,1,0,10
516,武汉佰钧成技术有限责任公司,1,6,1.2,1,4,2,6,5
517,成都术有云视觉科技有限公司,1,1,2.0833,1,5,2,3,0
518,成都新荷教育咨询有限公司,1,1,0.65,1,2,2,5,5
519,湖南潭州教育网络科技有限公司成都第三分公司,1,0,0.65,1,3,1,1,7
520,瞬联软件科技（北京）有限公司 CIeNET Technologies,3,5,1.3,1,5,2,0,4
521,北京忆芯科技有限公司,1,2,2.0,1,1,2,0,4
522,惠州亿纬锂能股份有限公司,4,6,0.7,2,5,1,1,0
523,成都好空气科技发展有限公司,1,2,0.75,1,3,1,1,8
524,亚联集团,1,4,1.1,1,5,2,2,7
525,成都诚骏科技有限公司,1,2,0.9,1,4,2,2,10
526,南通东华软件有限公司,4,3,1.05,1,3,1,1,4
527,恒银金融科技股份有限公司,4,5,1.2,1,5,2,0,10
528,成都观浩科技有限公司,1,1,0.8,1,3,1,2,0
529,南京机蜂信息科技有限公司,1,1,3.5,2,3,1,15,9
530,成都数聚城堡科技有限公司,1,2,1.5,1,4,2,2,7
531,上海微创软件股份有限公司北京分公司,5,4,1.0,1,3,2,5,10
532,天津艾登科技有限公司,1,3,1.8,1,4,3,2,6
533,成都九洲迪飞科技有限责任公司,2,3,1.5,1,4,2,1,9
534,赛昉科技,3,2,3.5,1,4,3,0,4
535,港融科技有限公司,4,5,1.4,1,5,2,1,5
536,西安奥卡云数据科技有限公司,1,3,3.5,1,7,2,1,6
537,赛伯尔（大连）信息技术咨询有限公司,1,2,2.75,2,3,1,3,10
538,成都易达数安科技有限公司,1,3,0.725,1,4,1,3,7
539,成都思腾数联信息技术有限公司,3,2,2.5,1,5,2,1,4
540,成都泰盟软件有限公司,1,3,1.0,1,2,3,3,10
541,成都余香科技股份有限公司,1,2,1.05,1,7,2,4,0
542,国金期货有限责任公司,1,3,0.75,1,3,2,1,8
543,中国太平洋保险（集团）股份有限公司,2,5,2.75,1,3,2,6,5
544,四川科华房地产开发有限公司,1,5,0.75,1,3,1,2,2
545,北京优创新港科技股份有限公司绵阳分公司,1,1,1.75,1,4,2,1,7
546,苏州种梦客网络科技有限公司,1,1,1.45,1,3,1,2,2
547,竞技世界（成都）网络技术有限公司,1,5,2.25,1,5,2,0,6
548,中路高科交通检测检验认证有限公司四川分公司,1,2,1.0417,1,3,2,1,8
549,成都觅瑞科技有限公司,1,2,1.05,1,3,2,2,4
550,重庆软维科技有限公司,1,3,0.9,1,4,2,2,3
551,广州碧软信息科技有限公司,5,4,0.75,1,3,1,0,6
552,四川天奥空天信息技术有限公司,2,2,2.0833,1,3,3,1,6
553,迈普通信技术股份有限公司,2,5,2.25,1,4,2,1,4
554,上海联影智能医疗科技有限公司,1,5,1.25,1,1,3,0,0
555,成都励翔文化创意股份有限公司,1,2,0.9,1,5,2,0,6
556,杭州今元标矩科技有限公司,1,3,1.45,1,4,2,10,1
557,黑芝麻智能科技（上海）有限公司,5,3,1.35,1,4,2,3,7
558,达观数据,1,3,1.75,1,4,2,0,8
559,重庆恒界峰工贸有限公司龙泉分公司,1,2,0.6,1,3,1,1,3
560,成都卡莱博尔信息技术股份有限公司,1,2,1.4,1,4,2,1,0
561,成都健康医联信息产业有限公司,2,1,1.25,1,4,2,1,0
562,东华医为科技有限公司,1,5,1.2,1,3,2,0,8
563,曙光信息产业股份有限公司,2,5,1.9,1,4,2,4,8
564,康达洲际医疗器械有限公司,1,3,2.15,2,4,2,5,0
565,深圳市紫光同创电子有限公司,1,3,1.65,2,3,2,10,10
566,成都卫士通信息产业股份有限公司,4,5,1.25,1,4,2,2,9
567,华侨永亨银行（中国）有限公司,8,5,0.0,1,7,2,1,0
568,中智商展（北京）国际会议展览股份公司,4,3,1.25,1,4,1,2,8
569,广州夏晖物流有限公司成都分公司,3,1,0.0,1,5,2,2,6
570,成都俊杨科技有限公司,1,1,1.5,1,3,1,1,2
571,远江盛邦（北京）网络安全科技股份有限公司,1,3,1.6,1,4,2,4,7
572,入迷（成都）信息技术有限公司,3,3,2.0,1,4,2,1,7
573,北京慧博融信科技有限公司,1,5,1.5,1,5,2,0,0
574,绎达咨询（成都）股份有限公司,4,2,0.75,1,2,3,2,10
575,同方股份计算机产业本部,2,4,0.6,1,5,2,1,2
576,深圳砺剑天眼科技有限公司,1,2,0.7,1,3,2,1,8
577,大摩智讯科技（宁波）有限责任公司,1,1,1.75,2,3,3,2,0
578,湖北三江航天万峰科技发展有限公司,2,5,0.9,2,7,2,15,10
579,成都云上微游科技有限公司,6,2,0.95,1,2,1,2,10
580,"Sytrons Technology Co.,Ltd. 思信电子科技有限公司",1,3,2.0833,1,2,2,3,5
581,西藏银帆投资管理有限公司,1,1,0.525,1,1,2,1,8
582,四川南格尔生物科技有限公司,1,4,1.2,1,4,2,2,7
583,成都阜特科技股份有限公司,1,2,1.0,1,2,2,1,5
584,四川成都贝壳闹海房地产经纪有限公司,1,5,0.6,1,2,2,1,6
585,上海直真君智科技有限公司,1,2,1.8,1,4,2,1,0
586,苏州元核云技术有限公司,1,1,2.15,1,5,2,0,7
587,成都安舟信息技术有限公司,1,2,1.15,1,3,3,1,6
588,成都大农科技有限公司,1,3,3.75,2,6,2,1,5
589,北京汉克时代科技有限公司,1,5,1.35,1,4,2,3,0
590,成都深思科技有限公司,2,3,1.8,1,4,2,2,8
591,成都顶呱呱投资集团有限公司,4,6,0.6,1,4,1,2,0
592,北京亚美联技术有限公司,1,1,0.575,1,3,1,1,3
593,成都大汇智安科技有限公司,6,1,0.85,1,4,2,0,6
594,北京陌陌信息技术有限公司成都分公司,1,4,0.75,1,3,2,1,6
595,成都华西公用医疗信息服务有限公司,1,3,0.8,1,3,2,2,6
596,民航机场成都电子工程设计有限责任公司,2,2,1.4583,1,5,3,2,8
597,满帮集团,1,5,2.0833,2,7,2,15,0
598,成都富春智城科技有限公司,1,2,0.65,1,2,2,10,7
599,成都掌沃无限科技有限公司,1,2,0.4,1,7,2,0,0
600,德州仪器半导体技术（上海）有限公司,3,3,0.9,1,1,2,1,0
601,成都创人所爱科技股份有限公司 (tap4fun),1,4,1.6,1,4,2,1,8
602,北京护航科技股份有限公司,1,4,1.2,2,1,2,10,3
603,成都愚创科技有限公司,1,2,1.25,1,3,2,6,1
604,麒麟软件有限公司,2,5,0.8,1,3,2,0,5
605,北京晟元亿讯科技有限公司,1,1,0.525,1,2,2,2,6
606,成都一电航空科技有限公司,1,3,1.15,1,3,2,1,2
607,成都久信信息技术股份有限公司,2,2,1.05,1,3,2,6,10
608,成都九洲电子信息系统股份有限公司,5,3,0.85,1,3,1,0,0
609,上海盛世锦天网络科技有限公司,1,5,1.5,1,4,2,5,6
610,四川省川流天下物流有限公司,2,1,1.0,1,4,2,1,6
611,深圳市达铭丰科技有限公司,1,4,3.5,1,3,1,2,0
612,中联重科股份有限公司,4,6,1.1,2,2,2,2,7
613,珠海市华盛达科技有限公司,1,2,0.9,1,4,1,5,0
614,长城汽车股份有限公司,1,6,1.1,1,7,2,20,2
615,成都斯安科技有限公司,1,2,0.45,1,2,1,3,10
616,北京超图软件股份有限公司,4,5,0.9,1,2,2,2,4
617,大连睿佳信息技术有限公司,1,1,2.5,2,4,2,30,6
618,四川安云优聘企业管理咨询服务有限公司,1,2,1.25,0,0,0,0,9
619,广东迅维信息产业股份有限公司,1,3,1.25,1,2,2,1,0
620,成都生源电气工程有限公司,1,1,0.525,1,7,1,2,0
621,成都立德赛科技有限公司,1,1,0.9,1,4,2,2,8
622,成都益安博生物技术有限公司,5,1,0.65,1,1,2,0,7
623,成都博彦软件技术有限公司深圳分公司,1,6,0.95,1,4,1,3,1
624,北京神州泰岳软件股份有限公司,4,5,1.25,1,4,1,1,0
625,芯原微电子（成都）有限公司,3,3,0.0,1,1,3,0,8
626,成都圣恩生物科技股份有限公司,1,3,0.25,1,7,2,1,9
627,成都百伦商业管理有限公司,1,5,1.5,1,4,1,0,4
628,北京东方国信科技股份有限公司,4,6,1.4,1,5,2,1,5
629,四川熵熵科技有限公司,1,2,2.75,1,4,2,2,0
630,深圳极联信息技术股份有限公司,1,4,1.25,1,4,1,5,0
631,叠拓信息技术(北京)有限公司成都分公司,3,6,1.5,1,4,2,1,8
632,中科元创公共服务技术有限公司四川分公司,5,2,0.45,1,3,1,0,0
633,成都珂芙故荟科技有限公司,1,2,0.375,0,0,0,0,10
634,成都与梦同行科技有限公司,1,4,1.05,1,4,1,1,0
635,西安通德电子科技有限公司,1,2,0.7,1,2,1,2,10
636,云和恩墨（北京）信息技术有限公司,1,4,0.7,1,7,2,3,0
637,四川高辰建筑工程有限公司,1,2,1.25,1,5,2,1,0
638,北京永信至诚科技股份有限公司,1,3,0.9,1,3,1,0,6
639,成都云中钧川网络技术有限公司,1,1,1.25,1,3,2,0,3
640,成都指码科技有限公司,6,1,0.3,1,7,1,3,2
641,上海满善企业管理有限公司,1,1,2.25,1,3,2,0,0
642,成都东方盛行电子有限责任公司,1,2,1.95,2,1,3,1,6
643,成都科鸿凌泰自动识别技术有限公司,1,3,1.25,1,1,1,2,5
644,成都云鼎丝路信息技术有限公司,1,2,0.8,1,2,2,0,0
645,成都时空超越软件科技有限公司,1,2,0.7,1,3,2,2,6
646,启冠·易立财税,1,3,0.375,1,1,1,2,9
647,中国民用航空总局第二研究所,2,4,1.25,1,7,3,5,8
648,四川洲柏通云财金信息技术有限公司,1,2,0.9,1,5,2,1,4
649,徽通金融服务外包有限公司,1,3,1.15,1,2,2,2,8
650,四川科库科技有限公司,1,2,1.15,1,4,2,2,6
651,成都天奥集团有限公司,2,3,1.0417,1,3,2,5,3
652,四川中电启明星信息技术有限公司,2,5,0.85,1,5,2,2,7
653,普联技术有限公司（TP-LINK),1,6,1.5,0,0,0,0,5
654,深圳市航盛电子股份有限公司,1,5,0.8,1,2,2,15,4
655,成都南方电子仪表有限公司,1,2,1.1,1,1,2,0,3
656,四川润泽经伟信息技术有限公司,1,2,1.15,1,5,2,5,6
657,亚信科技（中国）有限公司,3,0,0.0,0,0,0,0,0
658,成都磊数科技有限公司,1,2,1.0,1,4,1,1,5
659,厦门点触科技股份有限公司,4,4,1.0,2,7,2,1,7
660,成都后溪科技有限责任公司,1,1,1.75,1,5,2,1,4
661,广州思迈特软件有限公司,1,3,1.0,0,0,0,0,9
662,深圳市软筑信息技术有限公司,1,3,1.25,1,4,1,2,4
663,易士软件（上海）有限公司,1,2,2.4,1,3,2,0,5
664,游族网络,4,5,1.15,1,7,2,10,7
665,中智成都签证服务有限公司,2,3,1.0,1,2,2,1,3
666,中国电建集团成都勘测设计研究院有限公司数字工程分公司,2,2,0.85,1,2,3,0,10
667,成都天奥集团有限公司,2,5,2.0,1,7,2,0,0
668,成都喂猹科技有限公司,5,1,0.65,1,3,2,0,0
669,四川飞天星河科技有限公司,1,1,1.75,1,3,2,2,0
670,爱奇艺（www.iqiyi.com）,5,6,1.25,1,2,2,1,10
671,成都油管家科技有限公司,1,2,0.9,1,3,2,1,10
672,深圳市杉岩数据技术有限公司,1,2,2.5,2,4,2,0,0
673,杭州今元标矩科技有限公司,1,5,0.9,1,4,1,1,1
674,四川创企科技有限责任公司,1,1,0.8,1,3,1,5,4
675,成都银泰商务服务有限公司,1,2,1.15,1,3,1,1,8
676,林克斯智能系统（成都）有限公司,1,1,0.9,1,2,2,1,7
677,成都朴华科技有限公司,1,2,1.75,1,4,2,0,9
678,绿港环境资源股份公司,1,3,1.5,1,5,2,1,8
679,成都熙越科技有限公司,1,1,0.85,1,4,1,1,5
680,深圳市置辰海信科技有限公司四川分公司,1,1,1.25,1,4,2,1,3
681,成都建正科技有限公司,1,1,1.2,1,3,2,1,4
682,成都华微电子科技有限公司,2,3,1.8,1,2,2,1,2
683,泽西骏通（成都）通讯有限公司,3,1,1.25,1,4,2,2,4
684,成都普诺思博科技有限公司,1,1,1.0,1,2,1,1,6
685,湖南潭州教育网络科技有限公司成都第一分公司,1,4,1.05,1,2,2,0,0
686,上海通办信息服务有限公司,1,3,1.05,1,4,1,0,8
687,四川奥邦投资有限公司,1,4,1.0,1,4,2,1,6
688,四川旅鸽科技有限公司,1,3,0.65,1,4,1,1,5
689,成都金控人力资源管理有限公司,2,5,1.25,1,4,2,2,10
690,四川东鹏智业科技有限公司,1,1,1.25,1,4,2,0,6
691,成都埃克森尔科技有限公司,1,2,1.15,1,2,1,5,3
692,澜至电子科技,5,3,5.0,1,4,2,3,8
693,深圳市维海德技术股份有限公司,1,3,1.25,1,4,2,1,10
694,杭州英歌智达科技有限公司,1,2,1.75,0,0,0,0,8
695,扬智电子科技（中国）有限公司,8,4,2.0,1,2,2,5,8
696,成都塔罗科技有限公司,1,1,0.85,1,4,1,1,3
697,成都南天佳信信息工程有限公司,1,3,1.45,1,4,2,0,4
698,莱丁企业管理咨询（上海）有限公司,1,1,2.75,2,2,2,0,7
699,成都盛世普益科技有限公司,1,2,0.375,1,7,1,0,5
700,中国科学院昆明动物研究所,8,3,0.9,2,1,3,1,8
701,成都江铜金号有限公司,1,1,0.45,1,7,2,1,0
702,中国平安财产保险股份有限公司四川分公司,4,5,1.4583,1,4,2,5,6
703,四川中成基业安全技术有限公司,1,2,0.7,1,2,2,0,5
704,四川华夏博康教育科技有限公司,1,1,0.7,1,4,2,1,8
705,海思科医药集团股份有限公司,4,5,1.75,1,4,2,0,9
706,纬创资通（成都）有限公司,8,6,0.525,1,2,2,5,0
707,成都寻道科技有限公司,1,2,1.4,1,4,2,1,7
708,彩讯科技股份有限公司,4,5,1.25,1,4,2,0,6
709,华润雪花啤酒（中国）有限公司,8,6,0.0,1,3,2,3,6
710,酷家乐,1,5,2.1,1,4,2,1,7
711,成都比昂科技有限公司,1,2,1.25,1,2,2,1,9
712,哈尔滨安天科技集团股份有限公司,1,4,2.0,1,5,2,0,5
713,M5公寓,1,3,1.1,1,5,1,0,0
714,成都斯达领科网络科技有限公司,1,3,1.7,1,4,2,1,0
715,智慧式控股有限公司,1,2,0.525,0,0,0,0,7
716,民航成都信息技术有限公司,2,2,1.1667,1,2,2,3,9
717,四川纬易企业管理咨询有限公司,1,2,2.0833,2,5,2,1,0
718,上海喆塔信息科技有限公司,5,2,1.25,1,4,2,1,8
719,北京清能互联科技有限公司,1,3,0.45,1,7,3,1,9
720,盎锐（上海）信息科技有限公司,8,2,2.25,1,4,2,1,6
721,华鼎国联四川动力电池有限公司,2,4,1.25,1,5,2,1,7
722,四川汇宇药物研究有限公司,1,3,2.5,1,4,3,1,5
723,成都若溪科技有限公司,1,1,0.9,1,3,1,1,8
724,成都盯潮科技有限公司,1,1,0.9,1,4,2,1,7
725,四川智仁信息技术有限公司,1,1,0.375,1,7,2,3,0
726,成都星罗互动科技有限公司,1,2,0.9,1,3,1,2,5
727,安徽卓威通信科技有限公司,1,3,0.9,1,3,1,1,7
728,成都路行通信息技术有限公司,1,5,1.5,1,4,2,0,5
729,成都华亿合创科技有限公司,1,1,0.65,1,3,2,0,7
730,艾拉物联网络（深圳）有限公司,8,4,0.95,1,4,2,1,8
731,四川路博信息科技有限公司,1,1,0.85,1,1,2,1,5
732,四川锦兴教育咨询有限公司,2,2,0.175,1,7,2,1,0
733,中兴通讯股份有限公司,4,6,1.75,1,4,2,0,6
734,Radius Innovation&Development,3,1,1.25,1,4,2,1,7
735,成都博新优创科技有限公司,1,2,1.25,1,4,2,3,3
736,湖南亚瑟网络科技有限公司,1,2,0.5,1,2,1,2,5
737,紫光云技术有限公司,1,4,2.75,1,4,2,1,4
738,成都工物科云科技有限公司,1,1,1.25,1,4,2,1,0
739,成都明途科技有限公司,1,3,0.5,1,2,2,2,9
740,成都探客教育咨询有限公司,1,3,0.55,1,2,1,0,6
741,北京群源电力科技有限公司,1,2,0.8,1,2,2,1,0
742,海尔集团金融控股有限公司,4,4,2.0,1,3,2,1,5
743,四川天邑康和通信股份有限公司,1,5,1.6,1,4,2,2,8
744,四川川大智胜系统集成有限公司,1,3,1.45,1,5,2,2,6
745,成都燃光科技有限公司,1,3,1.5,1,5,2,2,8
746,成都或与非科技有限公司,1,1,0.7,1,2,1,2,0
747,成都极客通科技有限公司,1,2,2.0,1,4,2,1,0
748,广东建邦计算机软件股份有限公司成都分公司,1,1,1.25,1,4,2,2,0
749,四川成化信息科技有限公司,1,1,1.1,1,4,2,2,7
750,竹间智能科技（上海）有限公司,3,3,1.85,1,6,2,1,4
751,宜宾新青年电子商务有限公司,1,2,1.75,1,4,2,1,7
752,福建网龙计算机网络信息技术有限公司,1,5,1.75,1,5,2,5,4
753,成都恒信人力资源管理有限责任公司,7,5,2.2917,1,4,3,1,1
754,中新金桥数字科技（北京）有限公司,1,2,0.7,1,3,2,1,6
755,电子科大科园股份有限公司,1,3,1.0417,1,5,2,0,0
756,成都国翼电子技术有限公司,1,2,2.75,1,4,3,2,6
757,鲜生活冷链物流有限公司,1,5,1.2,1,4,2,3,2
758,四川中锐信息技术有限公司,2,2,1.5,1,1,2,0,5
759,惠州市德赛西威汽车电子股份有限公司,4,5,1.25,2,5,2,1,0
760,"英特尔产品（成都）有限公司 Intel Products (Chengdu) Co., Ltd.",3,5,3.75,1,7,2,1,6
761,四川清泉润心教育科技有限公司,1,1,1.4,1,1,2,3,6
762,深圳市科欧贸易有限公司,1,1,0.7,1,4,2,1,7
763,成都鑫芯电子科技有限公司,1,2,0.8,1,4,2,1,0
764,成都天奥集团有限公司高新第一分公司,2,1,2.0,1,3,3,0,9
765,上海燧原科技有限公司,5,3,5.0,2,4,2,0,5
766,美团,1,6,2.75,0,0,0,0,0
767,上海唐盛信息科技有限公司,1,3,1.6,1,4,2,4,0
768,北京航天鳞象科技发展有限公司,2,3,1.0,1,3,1,2,5
769,四川省集创科技有限责任公司,1,2,0.95,1,3,2,1,5
770,仲量联行,3,6,0.8,1,2,2,1,5
771,成都先导药物开发股份有限公司,5,3,1.75,1,7,4,5,8
772,成都四方伟业软件股份有限公司,1,4,2.0,1,5,1,1,6
773,一智科技（成都）有限公司,1,2,1.45,1,4,2,1,0
774,四川万网鑫成信息科技有限公司,1,3,0.75,1,2,2,1,10
775,陕西瑞达沣通信技术有限公司,1,4,0.95,1,4,1,10,5
776,成都泉源堂大药房连锁股份有限公司,1,5,0.75,1,4,1,1,8
777,北京天融信科技有限公司,4,5,0.9,0,0,0,0,0
778,广州智秦工业装备有限公司,1,1,0.525,2,7,2,5,0
779,深圳市锐明技术股份有限公司,4,5,2.25,1,7,3,10,7
780,成都睿矩科技有限公司,1,1,0.55,1,2,1,5,4
781,北京外企德科人力资源服务上海有限公司,1,5,1.55,1,5,2,0,6
782,成都咪宅奇林文化传播有限公司,1,2,0.7,1,2,1,2,5
783,上海知掘教育科技有限公司,1,3,1.25,2,1,2,100,0
784,思澜科技（成都）有限公司,5,2,1.6667,1,4,2,3,6
785,浩鲸云计算科技股份有限公司,5,5,2.0,1,5,1,1,7
786,四川省融汇投资有限公司,1,0,0.9,1,4,2,1,0
787,四川航天七零六信息科技有限公司,2,2,0.9,1,2,2,1,6
788,路人甲传媒广告（北京）有限公司,1,3,0.9,1,4,1,2,2
789,上海迪扬信息科技有限公司,1,5,0.5,1,7,1,2,9
790,利源软件咨询（成都）有限公司,3,3,1.25,1,5,2,1,0
791,湖南潭州教育网络科技有限公司成都分公司,1,5,0.45,1,2,2,3,0
792,北京快鱼电子股份公司,1,3,1.0,1,4,1,1,3
793,泸州老窖股份有限公司,2,5,0.7,2,4,2,1,7
794,华体科技,4,4,0.4,1,7,3,5,0
795,富士康科技集团成都科技园,8,6,0.75,1,1,2,4,9
796,中国电科第二十九研究所-中星世通公司,2,3,1.25,1,3,3,2,6
797,深圳云天励飞技术有限公司,1,4,3.0,2,5,2,3,6
798,西安午阳信息科技有限责任公司,1,1,1.4,1,3,3,5,5
799,成都世纪顶点科技有限公司,1,2,0.8,1,2,2,2,5
800,成都世纪顶点科技有限公司,1,2,0.8,1,2,2,2,5
801,北京奕斯伟智慧技术有限公司成都分公司,1,2,3.75,2,7,2,0,0
802,华通科技有限公司,1,4,0.8,1,4,2,5,2
803,上海孔递科技有限公司,8,1,1.4,0,0,0,0,0
804,深圳市长亮科技股份有限公司,4,5,1.25,1,4,2,6,9
805,四川纬远科技有限公司,1,2,0.375,1,7,2,2,10
806,成都旭美科技有限公司,1,2,1.5,1,4,1,2,9
807,四川同人精工科技有限公司,1,2,1.15,1,5,2,0,4
808,成都铭逸科技有限公司,1,1,0.65,0,0,0,0,10
809,成都小蟾科技有限公司,1,2,1.2,1,3,2,1,5
810,技术中心,2,0,0.0,0,0,0,0,0
811,AI 实验室,2,0,0.0,0,0,0,0,0
812,信息安全实验室,2,0,0.0,0,0,0,0,0
813,软件与服务中心,2,0,0.0,0,0,0,0,0
814,澳新银行营运服务（成都）有限公司,8,4,0.15,0,0,0,0,4
815,成都华云软创科技有限公司,1,1,0.25,1,7,1,3,7
816,隐适美中国 Invisalign,3,4,0.175,1,5,1,1,8
817,杭州硕数物联科技有限公司,1,1,0.25,2,7,2,1,4
818,四川战友和他的朋友们网络科技有限公司,1,1,5.8333,1,2,4,2,0
819,EY安永,5,6,1.5,1,4,2,0,0
820,成都海德在线教育科技有限公司,1,2,1.25,1,5,2,2,9
821,成都海德在线教育科技有限公司,1,2,0.9,1,4,2,2,9
822,中软国际科技服务有限公司,5,6,1.25,1,4,2,0,0
823,四川友信立智能科技有限公司,1,1,1.05,1,5,2,2,8
824,北京国研网信息有限公司,2,3,1.25,1,4,2,1,7
825,网思科技股份有限公司,1,3,1.15,1,4,2,1,10
826,成都上鑫网络科技有限公司,1,3,0.45,1,2,1,2,6
827,成都上鑫网络科技有限公司,1,3,0.45,1,2,1,2,6
828,成都上鑫网络科技有限公司,1,3,0.35,1,7,1,2,6
829,成都上鑫网络科技有限公司,1,3,0.35,1,1,1,2,6
830,成都上鑫网络科技有限公司,1,3,0.45,1,2,1,0,6
831,成都育碧电脑软件有限公司,3,3,0.0,1,4,2,1,8
832,中软国际科技服务有限公司,5,6,1.25,1,3,2,3,5
833,成都鲲摇物联网有限责任公司,1,2,0.525,0,0,0,0,10
834,成都鲲摇物联网有限责任公司,1,2,0.525,0,0,0,0,10
835,成都鲲摇物联网有限责任公司,1,2,0.375,0,0,0,0,10
836,上海易宝软件有限公司,1,5,1.3,1,3,2,5,5
837,海南太美航空股份有限公司,1,2,2.25,1,4,2,1,8
838,上海易宝软件有限公司,1,5,1.25,1,3,2,2,9
839,联通（四川）产业互联网有限公司,2,3,2.0833,1,6,2,1,0
840,联通（四川）产业互联网有限公司,2,3,1.4583,1,6,2,2,0
841,四川弘和集团,1,3,0.95,1,4,1,1,5
842,北京凝思软件股份有限公司四川分公司,1,2,2.0,1,4,2,3,7
843,北京启明星辰信息安全技术有限公司,4,5,1.5,1,4,2,4,6
844,成都中嘉微视科技有限公司,5,2,1.4,1,2,2,2,4
845,杭州品联科技有限公司,1,3,1.25,1,2,2,20,4
846,深圳禾略贝塔信息科技有限公司,6,2,0.575,1,7,2,3,7
847,西安导航技术研究所（中国电子科技集团公司第二十研究所）,2,0,0.0,0,0,0,0,0
848,西安导航技术研究所（中国电子科技集团公司第二十研究所）,2,0,0.0,0,0,0,0,0
849,成都数之联科技有限公司,1,0,0.0,1,7,4,0,0
850,成都数之联科技有限公司,1,0,0.0,1,7,3,0,0
851,四川弘和集团,1,3,1.0,1,4,2,1,5
852,陕西咔咔芭芭网络科技有限公司,1,1,0.525,1,2,1,3,10
853,北京凝思软件股份有限公司四川分公司,1,2,1.25,1,3,2,5,7
854,杭州品联科技有限公司,1,3,0.9,1,2,2,2,4
855,杭州品联科技有限公司,1,3,1.1,1,2,2,10,4
856,兴业数字金融服务（上海）股份有限公司,5,0,0.0,0,0,0,0,0
857,兴业数字金融服务（上海）股份有限公司,5,0,0.0,0,0,0,0,0
858,成都数博视科技有限公司,1,1,1.25,1,3,2,3,9
859,成都数之联科技有限公司,1,0,0.0,1,7,3,0,0
860,成都数之联科技有限公司,1,0,0.0,1,7,3,0,0
861,技术中心,2,0,0.0,0,0,0,0,0
862,上海联影医疗科技有限公司,1,0,0.0,1,7,2,0,0
863,同程旅行,1,0,0.0,0,0,0,0,0
864,人工智能实验室,2,0,0.0,0,0,0,0,0
865,信息安全实验室,2,0,0.0,0,0,0,0,0
866,建信金融科技有限责任公司,2,4,0.0,0,0,0,0,0
867,建信金融科技有限责任公司,2,4,0.0,0,0,0,0,0
868,成都海光集成电路设计有限公司,1,0,0.0,0,0,0,0,0
869,成都海光集成电路设计有限公司,1,0,0.0,0,0,0,0,0
870,成都海光集成电路设计有限公司,1,0,0.0,0,0,0,0,0
871,成都优仿科技有限公司,1,1,1.0417,1,2,2,1,5
872,成都思而科软件有限公司,5,3,1.15,1,4,2,2,6
873,无锡贝贝帕克文化创意发展有限公司,1,0,0.0,0,0,0,0,0
874,北京青云科技股份有限公司,1,0,0.0,0,0,0,0,0
875,北京青云科技股份有限公司,1,0,0.0,0,0,0,0,0
876,北京青云科技股份有限公司,1,0,0.0,0,0,0,0,0
877,北京青云科技股份有限公司,1,0,0.0,0,0,0,0,0
878,北京青云科技股份有限公司,1,0,0.0,0,0,0,0,0
879,北京青云科技股份有限公司,1,0,0.0,0,0,0,0,0
880,北京青云科技股份有限公司,1,0,0.0,0,0,0,0,0
881,北京青云科技股份有限公司,1,0,0.0,0,0,0,0,0
882,北京青云科技股份有限公司,1,0,0.0,0,0,0,0,0
883,北京青云科技股份有限公司,1,0,0.0,0,0,0,0,0
884,北京青云科技股份有限公司,1,0,0.0,0,0,0,0,0
885,上海爱数信息技术股份有限公司,1,0,0.0,0,0,0,0,0
886,四川联通（省本部）,2,0,0.0,0,0,0,0,0
887,四川联通（省本部）,2,0,0.0,0,0,0,0,0
888,四川联通（省本部）,2,0,0.0,0,0,0,0,0
889,IBM Services Associates Program,3,0,0.0,0,0,0,0,0
890,成都运达科技股份有限公司,4,0,0.0,0,0,0,0,0
891,成都运达科技股份有限公司,4,0,0.0,0,0,0,0,0
892,四川中电启明星信息技术有限公司,2,0,0.0,0,0,0,0,0
893,上海爱数信息技术股份有限公司,1,0,0.0,0,0,0,0,0
894,成都数之联科技有限公司,1,0,0.0,1,7,2,0,0
895,展讯通信(上海)有限公司,3,0,0.0,0,0,0,0,0
896,芯源系统有限公司,5,0,0.0,0,0,0,0,0
897,芯源系统有限公司,5,0,0.0,0,0,0,0,0
898,芯源系统有限公司,5,0,0.0,0,0,0,0,0
899,软通动力信息技术（集团）有限公司,1,0,0.7,0,0,0,0,0
900,成都玖锦科技有限公司,1,2,0.6,1,3,2,2,6
901,成都零牛科技有限公司,8,2,1.25,1,1,1,3,0
902,成都海德在线教育科技有限公司,1,2,1.75,1,6,2,2,9
903,成都海德在线教育科技有限公司,1,2,1.6,1,6,2,2,7
904,成都海德在线教育科技有限公司,1,2,1.0,1,4,1,2,7
905,成都海德在线教育科技有限公司,1,2,1.5,1,5,2,2,9
906,成都海德在线教育科技有限公司,1,2,1.6,1,6,2,2,9
907,成都海德在线教育科技有限公司,1,2,2.0,1,6,2,3,9
908,成都极米科技股份有限公司,1,5,2.25,1,5,2,1,4
909,成都极米科技股份有限公司,1,5,2.25,1,4,2,1,8
910,成都极米科技股份有限公司,1,5,2.25,1,4,2,1,8
911,成都极米科技股份有限公司,1,5,1.25,1,4,2,1,8
912,成都极米科技股份有限公司,1,5,2.25,1,5,2,1,4
913,成都极米科技股份有限公司,1,5,1.4,1,4,2,2,4
914,成都极米科技股份有限公司,1,5,1.75,1,4,2,1,4
915,南京欣网通信科技股份有限公司,1,5,0.95,1,3,1,1,4
916,上海帕利电子有限公司,1,2,2.5,1,5,1,0,4
917,上海帕利电子有限公司,1,2,1.25,1,4,2,10,4
918,上海帕利电子有限公司,1,2,1.75,1,4,2,2,4
919,上海交通大学四川研究院,8,2,1.0,1,3,2,1,7
920,上海交通大学四川研究院,8,2,2.25,1,4,4,1,7
921,上海交通大学四川研究院,8,2,1.75,1,3,3,2,7
922,联通（四川）产业互联网有限公司,2,3,1.5833,1,4,2,1,0
923,北京东土科技股份有限公司,4,4,1.8,1,4,2,5,7
924,北京东土科技股份有限公司,4,4,0.9,1,4,2,2,7
925,四川诺瀚康科技有限公司,1,1,0.65,1,2,2,2,6
926,四川诺瀚康科技有限公司,1,1,0.6,1,2,2,2,6
927,成都电科慧安科技有限公司,6,2,1.05,1,4,2,1,4
928,成都创雅达科技有限公司,1,1,1.75,1,4,2,2,7
929,成都玻尔兹曼科技有限公司,1,3,2.5,1,4,2,0,0
930,成都玻尔兹曼科技有限公司,1,3,3.75,1,4,3,3,0
931,成都玻尔兹曼科技有限公司,1,3,2.0,1,2,2,2,0
932,上海兆殷特科技有限公司,1,3,1.95,2,2,2,0,0
933,上海兆殷特科技有限公司,1,3,2.0,1,2,2,0,0
934,上海兆殷特科技有限公司,1,3,1.45,1,3,2,0,4
935,上海兆殷特科技有限公司,1,3,1.95,1,4,2,0,4
936,北京凝思软件股份有限公司四川分公司,1,2,1.05,1,7,2,2,7
937,北京凝思软件股份有限公司四川分公司,1,2,1.25,1,7,2,10,0
938,北京凝思软件股份有限公司四川分公司,1,2,2.0,1,5,2,5,7
939,深圳市禾久木科技有限公司,1,1,1.5,2,2,3,20,4
940,湖南国科微电子股份有限公司,4,4,1.05,1,4,2,1,5
941,杭州顺网科技股份有限公司,4,5,1.15,1,4,2,1,7
942,四川弘和集团,1,3,1.25,1,4,2,1,5
943,四川弘和集团,1,3,1.75,1,4,2,2,4
944,四川弘和集团,1,3,4.5,1,5,3,1,3
945,四川福摩数字科技有限公司,1,3,0.9,1,3,2,1,6
946,四川福摩数字科技有限公司,1,3,0.8,1,4,2,0,2
947,四川学考乐科技有限公司,1,2,2.75,1,5,2,1,2
948,四川学考乐科技有限公司,1,2,2.0,1,3,3,2,2
949,四川学考乐科技有限公司,1,2,3.0,1,3,2,0,2
950,捷普集团-捷普科技（成都）有限公司,3,6,0.7,1,1,2,2,6
951,北京安必奇生物科技有限公司,1,3,0.9,1,2,2,2,5
952,海链数字科技（海南）有限公司,1,2,1.25,1,3,1,0,7
953,四川观想科技股份有限公司,1,3,1.4,1,5,1,1,5
954,成都中科大旗软件股份有限公司,1,3,1.4,1,4,2,2,4
955,成都中科大旗软件股份有限公司,1,3,0.65,1,4,2,1,5
956,成都中科大旗软件股份有限公司,1,3,1.4,1,5,2,1,4
957,成都国卫信安信息技术有限公司,1,2,0.7,1,4,2,1,7
958,成都神州数码有限公司,1,3,1.5,1,4,2,1,9
959,上海登临科技有限公司,5,2,3.1667,1,4,2,1,9
960,上海登临科技有限公司,5,2,1.6667,1,7,3,2,0
961,上海登临科技有限公司,5,2,3.125,1,2,2,2,10
962,成都酷猫教育咨询有限公司,6,1,0.525,1,2,2,1,5
963,成都酷猫教育咨询有限公司,6,1,0.7,1,2,2,2,5
964,成都酷猫教育咨询有限公司,6,1,0.9,1,2,2,2,5
965,北京科电航宇空间技术有限公司,1,3,1.3,1,5,2,4,7
966,北京科电航宇空间技术有限公司,1,3,1.15,1,4,2,1,8
967,西藏金采科技股份有限公司,1,3,1.0,1,4,1,1,7
968,禾源国际贸易（上海）有限公司,5,2,0.525,1,2,1,1,7
969,北京思特奇信息技术股份有限公司四川分公司,4,5,3.0,1,5,3,0,10
970,北京思特奇信息技术股份有限公司四川分公司,4,5,1.6,1,3,2,1,10
971,北京思特奇信息技术股份有限公司四川分公司,4,5,1.1,1,7,2,0,10
972,成都诺聚科技有限公司,1,3,2.3,1,3,1,2,10
973,成都原子数据科技有限公司,1,1,2.0,1,5,2,2,6
974,北京环亚信通信息科技有限公司,1,3,0.65,1,3,1,2,0
975,北京环亚信通信息科技有限公司,1,3,1.35,1,5,1,0,6
976,四川物联亿达科技有限公司,1,3,1.05,1,4,1,1,0
977,四川物联亿达科技有限公司,1,3,0.75,1,3,1,1,0
978,深圳市汇合发展有限公司,1,6,1.0,0,0,0,0,5
979,深圳市汇合发展有限公司,1,6,1.05,2,2,2,5,5
980,亿达信息技术有限公司成都分公司,1,5,0.75,1,3,1,1,10
981,亿达信息技术有限公司成都分公司,1,5,0.9,1,3,2,1,8
982,亿达信息技术有限公司成都分公司,1,5,0.9,1,2,2,1,0
983,亿达信息技术有限公司成都分公司,1,5,0.9,1,3,1,1,8
984,武汉牧望群网络科技有限公司,5,2,1.5,2,1,2,10,9
985,武汉牧望群网络科技有限公司,5,2,3.0,2,4,2,3,9
986,紫光展锐,8,5,2.75,1,4,3,0,0
987,紫光展锐,8,5,2.75,1,4,2,0,0
988,四川伯乐帮科技有限公司,1,1,2.5,1,5,2,1,5
989,四川伯乐帮科技有限公司,1,1,3.25,1,5,2,1,5
990,珠海市运泰利自动化设备有限公司,4,5,1.5,1,5,2,1,8
991,四川人才开发中心有限责任公司,8,5,2.25,1,5,4,1,6
992,仟之游软件2K Games Chengdu,3,3,1.0,1,2,1,2,10
993,深圳大普微电子科技有限公司,1,2,2.0,1,4,2,1,7
994,群益志投科技（成都）有限公司,8,1,1.25,1,2,2,0,10
995,锦图计算技术（深圳）有限公司,1,2,1.0,1,4,2,1,6
996,维塔士电脑软件（成都）有限公司,3,4,1.25,1,4,2,2,3
997,维塔士电脑软件（成都）有限公司,3,4,0.9,1,4,2,0,10
998,维塔士电脑软件（成都）有限公司,3,4,0.525,1,1,2,1,8
999,维塔士电脑软件（成都）有限公司,3,4,1.15,1,1,2,0,10
